name='5bdae55c0ebc595e0ae25f12'
all={(0, 1): 766, (1, 2): 728, (0, 0): 166, (2, 1): 1200, (1, 1): 4313, (2, 0): 544, (2, 2): 158, (1, 0): 1194, (0, 2): 200}
white=[1132, 6235, 1902]
black=[1904, 6279, 1086]
N2=9269
chi2=146.1234526206281
p_chi2=0.0
trinomial=[3036, 12514, 2988]
pentanomial=[166, 1960, 5057, 1928, 158]
ldw=[0.16377171215880892, 0.6750458517639444, 0.16118243607724675]
ldw_white=[0.12212752184701693, 0.672672348689179, 0.2052001294638041]
ldw_black=[0.20541590247060093, 0.6774193548387096, 0.1171647426906894]
ldw_pentanomial=[0.017909159564138525, 0.2114575466609127, 0.5455820476858345, 0.20800517855216313, 0.017046067536951127]
score=0.49870536195921894
score_white=0.5415363038083936
score_black=0.4558744201100442
elo=-0.899608661911399
elo_white=28.92904999682127
elo_black=-30.741567649124175
variance=0.08123686097135727
variance_white=0.08010664829364211
variance_black=0.07869809448969775
covariance=-0.009495269364803854
correlation=-0.11958890806557636
p_correlation=0.0
variance_pentanomial=0.06990710202686595
variance_ratio=0.8605342598295865
