name='5bdb09d10ebc595e0ae26168'
all={(0, 1): 464, (1, 2): 415, (0, 0): 95, (2, 1): 687, (1, 1): 2536, (2, 0): 329, (2, 2): 78, (1, 0): 676, (0, 2): 119}
white=[678, 3627, 1094]
black=[1100, 3687, 612]
N2=5399
chi2=115.81359157288566
p_chi2=0.0
trinomial=[1778, 7314, 1706]
pentanomial=[95, 1140, 2984, 1102, 78]
ldw=[0.16466012224486015, 0.6773476569735136, 0.15799222078162622]
ldw_white=[0.12557881089090572, 0.6717910724208187, 0.2026301166882756]
ldw_black=[0.2037414335988146, 0.6829042415262085, 0.11335432487497685]
ldw_pentanomial=[0.017595851083533988, 0.21115021300240785, 0.552694943508057, 0.20411187256899427, 0.014447119837006852]
score=0.49666604926838304
score_white=0.5385256528986849
score_black=0.45480644563808115
elo=-2.316700583698128
elo_white=26.823532757364113
elo_black=-31.48964067222601
variance=0.08065197052914072
variance_white=0.08056800596352542
variance_black=0.07723148226258414
covariance=-0.01099272841132079
correlation=-0.13935642793821162
p_correlation=0.0
variance_pentanomial=0.06790701570173402
variance_ratio=0.841975902835483
