name='5bdb9f920ebc595e0ae26bd2'
all={(0, 1): 636, (1, 2): 548, (0, 0): 128, (2, 1): 970, (1, 1): 3690, (2, 0): 474, (2, 2): 135, (1, 0): 931, (0, 2): 201}
white=[965, 5169, 1579]
black=[1533, 5296, 884]
N2=7713
chi2=219.5802627996358
p_chi2=0.0
trinomial=[2498, 10465, 2463]
pentanomial=[128, 1567, 4365, 1518, 135]
ldw=[0.16193439647348631, 0.6784001037209906, 0.15966549980552314]
ldw_white=[0.12511344483339815, 0.6701672500972384, 0.20471930506936342]
ldw_black=[0.19875534811357448, 0.6866329573447426, 0.11461169454168288]
ldw_pentanomial=[0.016595358485673537, 0.2031634902113315, 0.5659276546091015, 0.19681057954103462, 0.01750291715285881]
score=0.4988655516660184
score_white=0.5398029301179826
score_black=0.4579281732140542
elo=-0.7882967950148295
elo_white=27.716555393654843
elo_black=-29.30378905795351
variance=0.08039868709672987
variance_white=0.0808739142297134
variance_black=0.07657172205470769
covariance=-0.011679495549943575
correlation=-0.14841768282027437
p_correlation=0.0
variance_pentanomial=0.06704332259226686
variance_ratio=0.8338857886025577
