name='5bdca8420ebc595e0ae281a9'
all={(0, 1): 2438, (1, 2): 2478, (0, 0): 499, (2, 1): 4002, (1, 1): 14632, (2, 0): 1753, (2, 2): 472, (1, 0): 3711, (0, 2): 747}
white=[3684, 20821, 6227]
black=[5963, 21072, 3697]
N2=30732
chi2=677.3376195363461
p_chi2=0.0
trinomial=[9647, 41893, 9924]
pentanomial=[499, 6149, 17132, 6480, 472]
ldw=[0.15695366393335936, 0.6815859690225172, 0.1614603670441234]
ldw_white=[0.11987504880905896, 0.6775022777560848, 0.20262267343485618]
ldw_black=[0.19403227905765977, 0.6856696602889496, 0.1202980606533906]
ldw_pentanomial=[0.016237146947806848, 0.20008460236886633, 0.5574645320838214, 0.21085513471300274, 0.015358583886502668]
score=0.502253351555382
score_white=0.5413738123128986
score_black=0.4631328907978654
elo=1.5657996347803926
elo_white=28.815357810009733
elo_black=-25.664469273310118
variance=0.0795984301511386
variance_white=0.07891263821567585
variance_black=0.07722340118684048
covariance=-0.010912842335334044
correlation=-0.13979451652984048
p_correlation=0.0
variance_pentanomial=0.06715517736592413
variance_ratio=0.8436746458241994
