name='5bdcf6f60ebc595e0ae287c8'
all={(0, 1): 1746, (1, 2): 1716, (0, 0): 226, (2, 1): 2513, (1, 1): 14834, (2, 0): 2825, (2, 2): 214, (1, 0): 2521, (0, 2): 1399}
white=[3371, 19071, 5552]
black=[5572, 19093, 3329]
N2=27994
chi2=7139.309489546306
p_chi2=0.0
trinomial=[8943, 38164, 8881]
pentanomial=[226, 4267, 19058, 4229, 214]
ldw=[0.15973065656926486, 0.6816460670143603, 0.15862327641637494]
ldw_white=[0.12041866114167321, 0.6812531256697864, 0.1983282131885404]
ldw_black=[0.19904265199685647, 0.682039008358934, 0.11891833964420948]
ldw_pentanomial=[0.008073158533971565, 0.15242551975423305, 0.680788740444381, 0.15106808601843252, 0.007644495248981925]
score=0.4994463099235551
score_white=0.5389547760234336
score_black=0.45993784382367653
elo=-0.3847434290845301
elo_white=27.12351894659012
elo_black=-27.89784042680264
variance=0.07958817667370913
variance_white=0.07816924400751757
variance_black=0.07788527155277036
covariance=-0.032232343312485506
correlation=-0.4130914964238282
p_correlation=0.0
variance_pentanomial=0.04579491446765832
variance_ratio=0.5753984622038218
