name='5bdc9ff30ebc595e0ae28119'
all={(0, 1): 757, (1, 2): 803, (0, 0): 155, (2, 1): 1286, (1, 1): 4482, (2, 0): 525, (2, 2): 155, (1, 0): 1178, (0, 2): 197}
white=[1109, 6463, 1966]
black=[1858, 6525, 1155]
N2=9538
chi2=137.3365049211058
p_chi2=0.0
trinomial=[2967, 12988, 3121]
pentanomial=[155, 1935, 5204, 2089, 155]
ldw=[0.15553575172992243, 0.6808555252673516, 0.16360872300272594]
ldw_white=[0.11627175508492346, 0.6776053680016775, 0.20612287691339903]
ldw_black=[0.19479974837492137, 0.6841056825330258, 0.12109456909205284]
ldw_pentanomial=[0.016250786328370726, 0.20287271964772488, 0.5456070455022017, 0.21901866219333194, 0.016250786328370726]
score=0.5040364856364017
score_white=0.5449255609142378
score_black=0.46314741035856577
elo=2.8048984365551695
elo_white=31.301894978570765
elo_black=-25.654324918713918
variance=0.07976982546686928
variance_white=0.07858035197612168
variance_black=0.07761546600346358
covariance=-0.009143286363875625
correlation=-0.11707689671822269
p_correlation=0.0
variance_pentanomial=0.06895462262591723
variance_ratio=0.8644198758408476
