name='5bdc678e0ebc595e0ae27cf3'
all={(0, 1): 4486, (1, 2): 4325, (0, 0): 841, (2, 1): 6606, (1, 1): 25099, (2, 0): 3105, (2, 2): 863, (1, 0): 6591, (0, 2): 1206}
white=[6533, 36015, 10574]
black=[10537, 36191, 6394]
N2=53122
chi2=1105.1706653620786
p_chi2=0.0
trinomial=[17070, 72206, 16968]
pentanomial=[841, 11077, 29410, 10931, 863]
ldw=[0.1606678965400399, 0.6796242611347464, 0.15970784232521365]
ldw_white=[0.12298106245999774, 0.67796769699936, 0.1990512405406423]
ldw_black=[0.19835473062008208, 0.6812808252701329, 0.12036444410978503]
ldw_pentanomial=[0.015831482248409322, 0.20852001054177177, 0.5536312638831369, 0.20577162004442603, 0.016245623282255938]
score=0.49951997289258687
score_white=0.5380350890403223
score_black=0.4610048567448515
elo=-0.3335571007419352
elo_white=26.480644188946517
elo_black=-27.151740451402397
variance=0.08009370429028953
variance_white=0.07906140775185483
variance_black=0.07815917248497725
covariance=-0.010785744381856338
correlation=-0.1372075076833737
p_correlation=0.0
variance_pentanomial=0.06782454573655966
variance_ratio=0.8468149442899799
