name='5bdc69880ebc595e0ae27d28'
all={(0, 1): 259, (1, 2): 311, (0, 0): 55, (2, 1): 451, (1, 1): 1602, (2, 0): 203, (2, 2): 65, (1, 0): 409, (0, 2): 70}
white=[384, 2322, 719]
black=[667, 2312, 446]
N2=3425
chi2=57.875048132974605
p_chi2=8.1060713696956554e-12
trinomial=[1051, 4634, 1165]
pentanomial=[55, 668, 1875, 762, 65]
ldw=[0.15343065693430658, 0.6764963503649635, 0.17007299270072992]
ldw_white=[0.11211678832116788, 0.677956204379562, 0.20992700729927008]
ldw_black=[0.19474452554744526, 0.675036496350365, 0.13021897810218977]
ldw_pentanomial=[0.016058394160583942, 0.19503649635036496, 0.5474452554744526, 0.22248175182481753, 0.01897810218978102]
score=0.5083211678832117
score_white=0.5489051094890511
score_black=0.46773722627737224
elo=5.782673581480191
elo_white=34.09174620113058
elo_black=-22.449662762702975
variance=0.08080667057381852
variance_white=0.07811923917097335
variance_black=0.08019998934413133
covariance=-0.00959006873035323
correlation=-0.12115896701893882
p_correlation=1.1251000131551336e-12
variance_pentanomial=0.06956954552719896
variance_ratio=0.8609381506895001
