name='5bddbe230ebc595e0ae29537'
all={(0, 1): 1807, (1, 2): 1788, (0, 0): 377, (2, 1): 2787, (1, 1): 10229, (2, 0): 1323, (2, 2): 366, (1, 0): 2683, (0, 2): 519}
white=[2703, 14700, 4476]
black=[4383, 14823, 2673]
N2=21879
chi2=471.19444691915675
p_chi2=0.0
trinomial=[7086, 29523, 7149]
pentanomial=[377, 4490, 12071, 4575, 366]
ldw=[0.1619361031125737, 0.6746880570409982, 0.1633758398464281]
ldw_white=[0.12354312354312354, 0.6718771424653778, 0.2045797339914987]
ldw_black=[0.20032908268202385, 0.6774989716166187, 0.12217194570135746]
ldw_pentanomial=[0.0172311348781937, 0.20521961698432287, 0.5517162575986105, 0.20910462086932674, 0.01672836966954614]
score=0.5007198683669272
score_white=0.5405183052241875
score_black=0.4609214315096668
elo=0.5002161207482423
elo_white=28.216876843261144
elo_black=-27.2100657646157
variance=0.08132746752928477
variance_white=0.08038898132541517
variance_black=0.07909812258059168
covariance=-0.010974306368358666
correlation=-0.1376244922575962
p_correlation=0.0
variance_pentanomial=0.06876924558464481
variance_ratio=0.8455844952983697
