name='5bdeae830ebc595e0ae2a93a'
all={(0, 1): 404, (1, 2): 384, (0, 0): 79, (2, 1): 582, (1, 1): 2176, (2, 0): 274, (2, 2): 88, (1, 0): 641, (0, 2): 117}
white=[600, 3201, 944]
black=[994, 3162, 589]
N2=4745
chi2=84.46427357208943
p_chi2=0.0
trinomial=[1594, 6363, 1533]
pentanomial=[79, 1045, 2567, 966, 88]
ldw=[0.16796628029504743, 0.670495258166491, 0.16153846153846155]
ldw_white=[0.12644889357218125, 0.674604847207587, 0.19894625922023182]
ldw_black=[0.2094836670179136, 0.6663856691253952, 0.12413066385669125]
ldw_pentanomial=[0.016649104320337196, 0.220231822971549, 0.5409905163329821, 0.2035827186512118, 0.018545837723919916]
score=0.4967860906217071
score_white=0.5362486828240253
score_black=0.45732349841938885
elo=-2.2332837310857028
elo_white=25.232432924139818
elo_black=-29.726999811472123
variance=0.08236585624488535
variance_white=0.08003482119162653
variance_black=0.08158229893149127
covariance=-0.01025492976356901
correlation=-0.12690982085943886
p_correlation=0.0
variance_pentanomial=0.07055363029798989
variance_ratio=0.8565883184437973
