name='5bde02f50ebc595e0ae29b70'
all={(0, 1): 38, (1, 2): 35, (0, 0): 12, (2, 1): 60, (1, 1): 212, (2, 0): 21, (2, 2): 8, (1, 0): 52, (0, 2): 10}
white=[60, 299, 89]
black=[85, 310, 53]
N2=448
chi2=3.6922757220934477
p_chi2=0.44925037334921991
trinomial=[145, 609, 142]
pentanomial=[12, 90, 243, 95, 8]
ldw=[0.16183035714285715, 0.6796875, 0.15848214285714285]
ldw_white=[0.13392857142857142, 0.6674107142857143, 0.19866071428571427]
ldw_black=[0.18973214285714285, 0.6919642857142857, 0.11830357142857142]
ldw_pentanomial=[0.026785714285714284, 0.20089285714285715, 0.5424107142857143, 0.21205357142857142, 0.017857142857142856]
score=0.49832589285714285
score_white=0.5323660714285714
score_black=0.4642857142857143
elo=-1.163293137872948
elo_white=22.52174242952742
elo_black=-24.85916269953777
variance=0.08007532236527423
variance_white=0.08209975884885207
variance_black=0.07573341836734693
covariance=-0.004982461734693883
correlation=-0.0631872204122493
p_correlation=0.18187003393422452
variance_pentanomial=0.07393412687340567
variance_ratio=0.923307264829298
