name='5bde0d490ebc595e0ae29c92'
all={(0, 1): 246, (1, 2): 205, (0, 0): 52, (2, 1): 350, (1, 1): 1380, (2, 0): 172, (2, 2): 41, (1, 0): 415, (0, 2): 65}
white=[363, 2000, 563]
black=[639, 1976, 311]
N2=2926
chi2=57.36606450496442
p_chi2=1.0366374425530012e-11
trinomial=[1002, 3976, 874]
pentanomial=[52, 661, 1617, 555, 41]
ldw=[0.1712235133287765, 0.6794258373205742, 0.14935064935064934]
ldw_white=[0.12406015037593984, 0.683526999316473, 0.19241285030758715]
ldw_black=[0.21838687628161313, 0.6753246753246753, 0.10628844839371156]
ldw_pentanomial=[0.0177717019822283, 0.22590567327409433, 0.5526315789473685, 0.18967874231032125, 0.014012303485987697]
score=0.4890635680109364
score_white=0.5341763499658236
score_black=0.4439507860560492
elo=-7.600623560268844
elo_white=23.785248873805344
elo_black=-39.11136074553234
variance=0.08002393512520506
variance_white=0.07795022727389528
variance_black=0.07802731678509639
covariance=-0.010387928436638716
correlation=-0.13319775956247892
p_correlation=4.6829207178689103e-13
variance_pentanomial=0.06760084359285723
variance_ratio=0.8447578026135465
