name='5bde62790ebc595e0ae2a466'
all={(0, 1): 944, (1, 2): 964, (0, 0): 201, (2, 1): 1480, (1, 1): 5691, (2, 0): 714, (2, 2): 207, (1, 0): 1535, (0, 2): 294}
white=[1439, 8190, 2401]
black=[2450, 8115, 1465]
N2=12030
chi2=267.38419841471944
p_chi2=0.0
trinomial=[3889, 16305, 3866]
pentanomial=[201, 2479, 6699, 2444, 207]
ldw=[0.1616375727348296, 0.6776807980049875, 0.16068162926018287]
ldw_white=[0.11961762261014132, 0.6807980049875312, 0.19958437240232751]
ldw_black=[0.20365752285951788, 0.6745635910224439, 0.12177888611803823]
ldw_pentanomial=[0.016708229426433914, 0.2060681629260183, 0.556857855361596, 0.2031587697423109, 0.0172069825436409]
score=0.4995220282626766
score_white=0.5399833748960932
score_black=0.45906068162926017
elo=-0.3321288820099851
elo_white=27.84274457127434
elo_black=-28.511380895120322
variance=0.08057957204177144
variance_white=0.0782018284850356
variance_black=0.07968307445572823
covariance=-0.010831935815766774
correlation=-0.13721910518305377
p_correlation=0.0
variance_pentanomial=0.06811051565461518
variance_ratio=0.8452578479730265
