name='5bdeb5770ebc595e0ae2a96e'
all={(0, 1): 650, (1, 2): 624, (0, 0): 155, (2, 1): 949, (1, 1): 3461, (2, 0): 443, (2, 2): 137, (1, 0): 965, (0, 2): 192}
white=[997, 5050, 1529]
black=[1563, 5060, 953]
N2=7576
chi2=128.99888326407986
p_chi2=0.0
trinomial=[2560, 10110, 2482]
pentanomial=[155, 1615, 4096, 1573, 137]
ldw=[0.1689545934530095, 0.6672386483632524, 0.16380675818373813]
ldw_white=[0.13159978880675818, 0.6665786694825766, 0.20182154171066527]
ldw_black=[0.20630939809926083, 0.6678986272439282, 0.125791974656811]
ldw_pentanomial=[0.02045934530095037, 0.21317317845828934, 0.5406546990496304, 0.20762935586061246, 0.018083421330517425]
score=0.49742608236536434
score_white=0.5351108764519535
score_black=0.45974128827877514
elo=-1.7885569601085876
elo_white=24.437757090292717
elo_black=-28.03530807481329
variance=0.083183712857197
variance_white=0.08212255898413157
variance_black=0.08140457931956518
covariance=-0.009905119150231595
correlation=-0.12114459686615543
p_correlation=0.0
variance_pentanomial=0.07185845000161672
variance_ratio=0.8638524001083895
