name='5bdf4ac90ebc595e0ae2b78a'
all={(0, 1): 1161, (1, 2): 1249, (0, 0): 252, (2, 1): 1792, (1, 1): 6741, (2, 0): 870, (2, 2): 211, (1, 0): 1849, (0, 2): 313}
white=[1726, 9839, 2873]
black=[2971, 9694, 1773]
N2=14438
chi2=295.7191839244027
p_chi2=0.0
trinomial=[4697, 19533, 4646]
pentanomial=[252, 3010, 7924, 3041, 211]
ldw=[0.16266103338412521, 0.6764441058318327, 0.1608948607840421]
ldw_white=[0.1195456434409198, 0.681465576949716, 0.19898877960936417]
ldw_black=[0.20577642332733065, 0.6714226347139493, 0.12280094195872004]
ldw_pentanomial=[0.017453940989056657, 0.20847762848039894, 0.5488294777670037, 0.2106247402687353, 0.014614212494805375]
score=0.4991169136999585
score_white=0.5397215680842222
score_black=0.45851225931569467
elo=-0.6136318494917677
elo_white=27.659659443563772
elo_black=-28.89507066261134
variance=0.0808881937006285
variance_white=0.07805580279150143
variance_black=0.08042310869442448
covariance=-0.010819142590216851
correlation=-0.13655255138022962
p_correlation=0.0
variance_pentanomial=0.0684203131527461
variance_ratio=0.8458627893951164
