name='5be05bb10ebc595e0ae2ca8c'
all={(0, 1): 1039, (1, 2): 1009, (0, 0): 225, (2, 1): 1598, (1, 1): 6343, (2, 0): 804, (2, 2): 192, (1, 0): 1647, (0, 2): 305}
white=[1569, 8999, 2594]
black=[2676, 8980, 1506]
N2=13162
chi2=340.4524003197679
p_chi2=0.0
trinomial=[4245, 17979, 4100]
pentanomial=[225, 2686, 7452, 2607, 192]
ldw=[0.16125968697766296, 0.6829889074608723, 0.15575140556146483]
ldw_white=[0.11920680747606746, 0.6837106822671326, 0.19708251025679988]
ldw_black=[0.20331256647925847, 0.6822671326546118, 0.11442030086612977]
ldw_pentanomial=[0.017094666464063213, 0.20407232943321685, 0.5661753532897736, 0.19807020209694576, 0.014587448716000607]
score=0.49724585929190096
score_white=0.5389378513903662
score_black=0.45555386719343566
elo=-1.9137923347790822
elo_white=27.111686717764645
elo_black=-30.966071861539966
variance=0.0792451878437419
variance_white=0.07755617316231861
variance_black=0.07745775811488831
covariance=-0.01141326218938124
correlation=-0.1472546937623228
p_correlation=0.0
variance_pentanomial=0.06609370344922216
variance_ratio=0.8340405928439183
