name='5be0ff980ebc595e0ae2da4a'
all={(0, 1): 925, (1, 2): 1023, (0, 0): 192, (2, 1): 1599, (1, 1): 5728, (2, 0): 709, (2, 2): 187, (1, 0): 1513, (0, 2): 288}
white=[1405, 8264, 2495]
black=[2414, 8252, 1498]
N2=12164
chi2=261.38939531234683
p_chi2=0.0
trinomial=[3819, 16516, 3993]
pentanomial=[192, 2438, 6725, 2622, 187]
ldw=[0.1569796119697468, 0.6788885235120027, 0.16413186451825057]
ldw_white=[0.11550476816836566, 0.6793817823084511, 0.20511344952318317]
ldw_black=[0.1984544557711279, 0.6783952647155541, 0.12315027951331799]
ldw_pentanomial=[0.015784281486353174, 0.20042749095692206, 0.5528609010194016, 0.2155540940480105, 0.015373232489312726]
score=0.503576126274252
score_white=0.5448043406774088
score_black=0.46234791187109503
elo=2.4849894255495504
elo_white=31.216978831665624
elo_black=-26.212974524999886
variance=0.0802650804428699
variance_white=0.07814712547934988
variance_black=0.07898350408064467
covariance=-0.01101443702480659
correlation=-0.14019663883428415
p_correlation=0.0
variance_pentanomial=0.06755087775519053
variance_ratio=0.8415973345129962
