name='5be1667b0ebc595e0ae2df2d'
all={(0, 1): 405, (1, 2): 411, (0, 0): 88, (2, 1): 611, (1, 1): 2336, (2, 0): 314, (2, 2): 89, (1, 0): 642, (0, 2): 122}
white=[615, 3389, 1014]
black=[1044, 3352, 622]
N2=5018
chi2=115.70858103877882
p_chi2=0.0
trinomial=[1659, 6741, 1636]
pentanomial=[88, 1047, 2772, 1022, 89]
ldw=[0.16530490235153447, 0.6716819449980072, 0.16301315265045835]
ldw_white=[0.12255878836189717, 0.6753686727779992, 0.20207253886010362]
ldw_black=[0.2080510163411718, 0.6679952172180151, 0.12395376644081307]
ldw_pentanomial=[0.01753686727779992, 0.2086488640892786, 0.5524113192506975, 0.20366679952172181, 0.017736149860502193]
score=0.4988541251494619
score_white=0.5397568752491032
score_black=0.45795137504982064
elo=-0.7962367932428086
elo_white=27.684349336262372
elo_black=-29.287551872772934
variance=0.08207820072132513
variance_white=0.07957722267592743
variance_black=0.08123310883529539
covariance=-0.011231825293431474
correlation=-0.1396977507146481
p_correlation=0.0
variance_pentanomial=0.06917334046217999
variance_ratio=0.8427735970606838
