name='5be12bb70ebc595e0ae2dd8f'
all={(0, 1): 1060, (1, 2): 995, (0, 0): 199, (2, 1): 1647, (1, 1): 5937, (2, 0): 701, (2, 2): 197, (1, 0): 1634, (0, 2): 279}
white=[1538, 8566, 2545]
black=[2534, 8644, 1471]
N2=12649
chi2=209.53841723953883
p_chi2=0.0
trinomial=[4072, 17210, 4016]
pentanomial=[199, 2694, 6917, 2642, 197]
ldw=[0.16096134081745592, 0.6802909320894932, 0.15874772709305082]
ldw_white=[0.12159063957625109, 0.677207684401929, 0.2012016760218199]
ldw_black=[0.20033204205866076, 0.6833741797770575, 0.11629377816428176]
ldw_pentanomial=[0.01573246896987904, 0.21298126334097556, 0.546841647561072, 0.20887026642422327, 0.015574353703850108]
score=0.49889319313779745
score_white=0.5398055182227844
score_black=0.4579808680528105
elo=-0.7690894366625791
elo_white=27.7183652631262
elo_black=-29.266912166433848
variance=0.07992604195619643
variance_white=0.07911359961853331
variance_black=0.07739084760614029
covariance=-0.009869821097682835
correlation=-0.12613595697916186
p_correlation=0.0
variance_pentanomial=0.06838240251465405
variance_ratio=0.8555709858888185
