name='5be143790ebc595e0ae2de80'
all={(0, 1): 2025, (1, 2): 2038, (0, 0): 413, (2, 1): 3328, (1, 1): 12180, (2, 0): 1554, (2, 2): 403, (1, 0): 3280, (0, 2): 579}
white=[3017, 17498, 5285]
black=[5247, 17533, 3020]
N2=25800
chi2=547.3174160256223
p_chi2=0.0
trinomial=[8264, 35031, 8305]
pentanomial=[413, 5305, 14313, 5366, 403]
ldw=[0.16015503875968992, 0.6788953488372093, 0.16094961240310077]
ldw_white=[0.11693798449612403, 0.6782170542635659, 0.20484496124031007]
ldw_black=[0.20337209302325582, 0.6795736434108527, 0.11705426356589148]
ldw_pentanomial=[0.016007751937984496, 0.2056201550387597, 0.5547674418604651, 0.207984496124031, 0.01562015503875969]
score=0.5003972868217054
score_white=0.543953488372093
score_black=0.45684108527131784
elo=0.2760632171364921
elo_white=30.621051256547595
elo_black=-30.064702929147426
variance=0.08027600495387899
variance_white=0.07851382729403283
variance_black=0.07824389722672914
covariance=-0.010864643050297496
correlation=-0.13861720934162589
p_correlation=0.0
variance_pentanomial=0.0675142192100836
variance_ratio=0.8410261478367362
