name='5be1f5ef0ebc595e0ae2e750'
all={(0, 1): 1264, (1, 2): 1383, (0, 0): 278, (2, 1): 2242, (1, 1): 7998, (2, 0): 977, (2, 2): 254, (1, 0): 2096, (0, 2): 384}
white=[1926, 11477, 3473]
black=[3351, 11504, 2021]
N2=16876
chi2=340.3638445785616
p_chi2=0.0
trinomial=[5277, 22981, 5494]
pentanomial=[278, 3360, 9359, 3625, 254]
ldw=[0.15634629059018726, 0.6808781701825077, 0.16277553922730506]
ldw_white=[0.1141265702773169, 0.680078217587106, 0.20579521213557714]
ldw_black=[0.1985660109030576, 0.6816781227779095, 0.11975586631903294]
ldw_pentanomial=[0.016473097890495378, 0.19909931263332542, 0.5545745437307419, 0.21480208580232282, 0.015050959943114482]
score=0.5032146243185589
score_white=0.5458343209291301
score_black=0.4605949277079877
elo=2.2337805429968314
elo_white=31.93861115331677
elo_black=-27.438350010281656
variance=0.07977012364486363
variance_white=0.07787966062818902
variance_black=0.07802770958318389
covariance=-0.010474649003444442
correlation=-0.13437021882812514
p_correlation=0.0
variance_pentanomial=0.06747903610224204
variance_ratio=0.8459186600068281
