name='5be2a1970ebc595e0ae2f1b4'
all={(0, 1): 1188, (1, 2): 1191, (0, 0): 231, (2, 1): 1966, (1, 1): 6963, (2, 0): 855, (2, 2): 251, (1, 0): 1768, (0, 2): 322}
white=[1741, 9922, 3072]
black=[2854, 10117, 1764]
N2=14735
chi2=271.4318802659568
p_chi2=0.0
trinomial=[4595, 20039, 4836]
pentanomial=[231, 2956, 8140, 3157, 251]
ldw=[0.15592127587376994, 0.6799796403121818, 0.1640990838140482]
ldw_white=[0.11815405497115711, 0.6733627417712928, 0.20848320325755004]
ldw_black=[0.19368849677638275, 0.6865965388530709, 0.11971496437054632]
ldw_pentanomial=[0.015676959619952493, 0.2006107906345436, 0.5524261961316593, 0.2142517814726841, 0.017034272141160503]
score=0.5040889039701391
score_white=0.5451645741431965
score_black=0.4630132337970818
elo=2.8413248304786545
elo_white=31.469337385660793
elo_black=-25.748071473390954
variance=0.07998837078627757
variance_white=0.07961947579964046
variance_black=0.07698284441258291
covariance=-0.01012116098350585
correlation=-0.12927772439412147
p_correlation=0.0
variance_pentanomial=0.06817999912260608
variance_ratio=0.8523738945099595
