name='5be2e3210ebc595e0ae2f4c2'
all={(0, 1): 2215, (1, 2): 2197, (0, 0): 450, (2, 1): 3511, (1, 1): 12928, (2, 0): 1647, (2, 2): 448, (1, 0): 3432, (0, 2): 618}
white=[3283, 18557, 5606]
black=[5529, 18654, 3263]
N2=27446
chi2=565.9326471512925
p_chi2=0.0
trinomial=[8812, 37211, 8869]
pentanomial=[450, 5647, 15193, 5708, 448]
ldw=[0.1605334110617212, 0.6778947751949282, 0.16157181374335058]
ldw_white=[0.11961670188734241, 0.6761276688770677, 0.20425562923558988]
ldw_black=[0.20145012023609998, 0.6796618815127887, 0.11888799825111128]
ldw_pentanomial=[0.016395831815200757, 0.20574947168986374, 0.5535597172629891, 0.20797201778036872, 0.016322961451577644]
score=0.5005192013408147
score_white=0.5423194636741238
score_black=0.45871893900750565
elo=0.3607781733735325
elo_white=29.477099091055322
elo_black=-28.750464249544564
variance=0.08052603663123559
variance_white=0.07917714577506757
variance_black=0.07838040362513676
covariance=-0.010704731022998543
correlation=-0.13588517890369023
p_correlation=0.0
variance_pentanomial=0.06807404367710346
variance_ratio=0.8453668716969727
