name='5be2a8ad0ebc595e0ae2f297'
all={(0, 1): 3271, (1, 2): 3465, (0, 0): 672, (2, 1): 5369, (1, 1): 20119, (2, 0): 2433, (2, 2): 758, (1, 0): 5297, (0, 2): 970}
white=[4913, 28881, 8560]
black=[8402, 28759, 5193]
N2=42354
chi2=799.8662313419311
p_chi2=0.0
trinomial=[13315, 57640, 13753]
pentanomial=[672, 8568, 23522, 8834, 758]
ldw=[0.15718704254615856, 0.6804552108419512, 0.16235774661189026]
ldw_white=[0.11599848892666573, 0.6818954526136847, 0.20210605845964963]
ldw_black=[0.19837559616565142, 0.6790149690702177, 0.1226094347641309]
ldw_pentanomial=[0.01586627000991642, 0.20229494262643433, 0.5553666713887708, 0.20857534117202625, 0.01789677480285215]
score=0.5025853520328658
score_white=0.543053784766492
score_black=0.46211691929923976
elo=1.7965026052950352
elo_white=29.991104116217006
elo_black=-26.37440566216305
variance=0.07987951324437842
variance_white=0.07767250846385937
variance_black=0.07881112992906528
covariance=-0.010014879405538218
correlation=-0.12800244978094014
p_correlation=0.0
variance_pentanomial=0.06822693979092431
variance_ratio=0.8541231289454038
