name='5be37e930ebc595e0ae2f8cb'
all={(0, 1): 750, (1, 2): 709, (0, 0): 147, (2, 1): 1039, (1, 1): 4201, (2, 0): 508, (2, 2): 125, (1, 0): 1179, (0, 2): 217}
white=[1114, 6089, 1672]
black=[1834, 5990, 1051]
N2=8875
chi2=202.59555514724713
p_chi2=0.0
trinomial=[2948, 12079, 2723]
pentanomial=[147, 1929, 4926, 1748, 125]
ldw=[0.16608450704225353, 0.6805070422535211, 0.15340845070422535]
ldw_white=[0.12552112676056337, 0.6860845070422535, 0.1883943661971831]
ldw_black=[0.20664788732394365, 0.6749295774647888, 0.11842253521126761]
ldw_pentanomial=[0.016563380281690143, 0.21735211267605634, 0.5550422535211268, 0.19695774647887324, 0.014084507042253521]
score=0.4936619718309859
score_white=0.5314366197183099
score_black=0.455887323943662
elo=-4.404348966489554
elo_white=21.87325318213402
elo_black=-30.73253078622418
variance=0.0798330688355485
variance_white=0.07749061218012293
variance_black=0.07932167744495139
covariance=-0.01137380995834164
correlation=-0.1450726274147266
p_correlation=0.0
variance_pentanomial=0.06703233485419563
variance_ratio=0.8396562456126841
