name='5be4ae810ebc595e0ae3070d'
all={(0, 1): 734, (1, 2): 770, (0, 0): 168, (2, 1): 1221, (1, 1): 4592, (2, 0): 587, (2, 2): 156, (1, 0): 1281, (0, 2): 241}
white=[1143, 6643, 1964]
black=[2036, 6547, 1167]
N2=9750
chi2=224.6692061065232
p_chi2=0.0
trinomial=[3179, 13190, 3131]
pentanomial=[168, 2015, 5420, 1991, 156]
ldw=[0.16302564102564102, 0.6764102564102564, 0.16056410256410256]
ldw_white=[0.11723076923076924, 0.6813333333333333, 0.20143589743589743]
ldw_black=[0.2088205128205128, 0.6714871794871795, 0.1196923076923077]
ldw_pentanomial=[0.01723076923076923, 0.20666666666666667, 0.5558974358974359, 0.2042051282051282, 0.016]
score=0.49876923076923074
score_white=0.5421025641025641
score_black=0.45543589743589746
elo=-0.855227783997781
elo_white=29.325299944844723
elo_black=-31.04870029588148
variance=0.0808959211045365
variance_white=0.07789404076265616
variance_black=0.08014224589086127
covariance=-0.011046813938198535
correlation=-0.1398151291055188
p_correlation=0.0
variance_pentanomial=0.06797132938856015
variance_ratio=0.8402318492761243
