name='5be4bb170ebc595e0ae30782'
all={(0, 1): 527, (1, 2): 470, (0, 0): 81, (2, 1): 796, (1, 1): 2884, (2, 0): 335, (2, 2): 89, (1, 0): 765, (0, 2): 164}
white=[772, 4119, 1220]
black=[1181, 4207, 723]
N2=6111
chi2=156.9361517679084
p_chi2=0.0
trinomial=[1953, 8326, 1943]
pentanomial=[81, 1292, 3383, 1266, 89]
ldw=[0.15979381443298968, 0.681230567828506, 0.15897561773850433]
ldw_white=[0.1263295696285387, 0.6740304369170349, 0.19963999345442646]
ldw_black=[0.1932580592374407, 0.6884306987399771, 0.11831124202258222]
ldw_pentanomial=[0.013254786450662739, 0.21142202585501554, 0.5535918834887907, 0.20716740304369172, 0.014563901161839306]
score=0.4995909016527573
score_white=0.536655211912944
score_black=0.4625265913925708
elo=-0.28427071105582263
elo_white=25.516427710202468
elo_black=-26.08811056305584
variance=0.07969219068141578
variance_white=0.08014878621035837
variance_black=0.07648806896234633
covariance=-0.012085739890678487
correlation=-0.15435756534559328
p_correlation=0.0
variance_pentanomial=0.06623268769567409
variance_ratio=0.8311063747820845
