name='5be4ec340ebc595e0ae30938'
all={(0, 1): 2093, (1, 2): 2035, (0, 0): 427, (2, 1): 3358, (1, 1): 12201, (2, 0): 1520, (2, 2): 400, (1, 0): 3184, (0, 2): 604}
white=[3124, 17420, 5278]
black=[5131, 17652, 3039]
N2=25822
chi2=550.5956508293561
p_chi2=0.0
trinomial=[8255, 35072, 8317]
pentanomial=[427, 5277, 14325, 5393, 400]
ldw=[0.15984431879792424, 0.6791108357214778, 0.16104484548059794]
ldw_white=[0.12098210827976144, 0.6746185423282473, 0.20439934939199134]
ldw_black=[0.19870652931608707, 0.6836031291147084, 0.11769034156920455]
ldw_pentanomial=[0.016536286887150493, 0.20436062272480832, 0.5547595073967935, 0.20885291611803888, 0.015490666873208893]
score=0.5006002633413369
score_white=0.541708620556115
score_black=0.45949190612655877
elo=0.41710589131695697
elo_white=29.04962347848569
elo_black=-28.209734377742773
variance=0.08022193075355155
variance_white=0.07960575538924419
variance_black=0.07745831205206336
covariance=-0.010867585117276174
correlation=-0.138397040147127
p_correlation=0.0
variance_pentanomial=0.0676644486033775
variance_ratio=0.8434657202560771
