name='5be485980ebc595e0ae305fe'
all={(0, 1): 1118, (1, 2): 1096, (0, 0): 231, (2, 1): 1697, (1, 1): 6454, (2, 0): 795, (2, 2): 209, (1, 0): 1695, (0, 2): 305}
white=[1654, 9245, 2701]
black=[2721, 9269, 1610]
N2=13600
chi2=277.3552540605781
p_chi2=0.0
trinomial=[4375, 18514, 4311]
pentanomial=[231, 2813, 7554, 2793, 209]
ldw=[0.16084558823529413, 0.6806617647058824, 0.15849264705882352]
ldw_white=[0.12161764705882352, 0.6797794117647059, 0.1986029411764706]
ldw_black=[0.2000735294117647, 0.6815441176470588, 0.11838235294117647]
ldw_pentanomial=[0.01698529411764706, 0.20683823529411766, 0.5554411764705882, 0.20536764705882352, 0.01536764705882353]
score=0.49882352941176467
score_white=0.5384926470588236
score_black=0.45915441176470584
elo=-0.8174970039945626
elo_white=26.800461093838575
elo_black=-28.445811950290505
variance=0.07983317474048443
variance_white=0.07857346318122826
variance_black=0.07794560850994814
covariance=-0.010560098129325263
correlation=-0.13493797244840094
p_correlation=0.0
variance_pentanomial=0.06769943771626313
variance_ratio=0.8480113428575937
