name='5be4d2de0ebc595e0ae30814'
all={(0, 1): 886, (1, 2): 951, (0, 0): 203, (2, 1): 1394, (1, 1): 5338, (2, 0): 624, (2, 2): 193, (1, 0): 1403, (0, 2): 261}
white=[1350, 7692, 2211]
black=[2230, 7618, 1405]
N2=11253
chi2=191.0247030941508
p_chi2=0.0
trinomial=[3580, 15310, 3616]
pentanomial=[203, 2289, 6223, 2345, 193]
ldw=[0.15906869279303296, 0.6802630409668533, 0.16066826624011374]
ldw_white=[0.11996800853105838, 0.6835510530525193, 0.19648093841642228]
ldw_black=[0.19816937705500756, 0.6769750288811872, 0.12485559406380521]
ldw_pentanomial=[0.018039633875411, 0.20341242335377233, 0.553008086732427, 0.20838887407802364, 0.017150981960366126]
score=0.5007997867235404
score_white=0.538256464942682
score_black=0.4633431085043988
elo=0.5557492111597425
elo_white=26.63537250492461
elo_black=-25.517601110402733
variance=0.07993360009948347
variance_white=0.07764867962695948
variance_black=0.07941251508558295
covariance=-0.00946140657701447
correlation=-0.1204881101198046
p_correlation=0.0
variance_pentanomial=0.06906919077925666
variance_ratio=0.8640820717857669
