name='5be4592c0ebc595e0ae302b7'
all={(0, 1): 496, (1, 2): 426, (0, 0): 95, (2, 1): 708, (1, 1): 2671, (2, 0): 339, (2, 2): 78, (1, 0): 715, (0, 2): 142}
white=[733, 3812, 1125]
black=[1149, 3875, 646]
N2=5670
chi2=144.93091734098084
p_chi2=0.0
trinomial=[1882, 7687, 1771]
pentanomial=[95, 1211, 3152, 1134, 78]
ldw=[0.16596119929453262, 0.6778659611992945, 0.15617283950617283]
ldw_white=[0.12927689594356262, 0.672310405643739, 0.1984126984126984]
ldw_black=[0.20264550264550266, 0.6834215167548501, 0.11393298059964727]
ldw_pentanomial=[0.01675485008818342, 0.21358024691358024, 0.5559082892416226, 0.2, 0.013756613756613757]
score=0.4951058201058201
score_white=0.5345679012345679
score_black=0.45564373897707233
elo=-3.4009331338707365
elo_white=24.05861845902902
elo_black=-30.90312616857912
variance=0.08050955670333976
variance_white=0.0807274587933024
variance_black=0.07717714291935338
covariance=-0.01204694406340498
correlation=-0.15262367424211146
p_correlation=0.0
variance_pentanomial=0.06690535679292298
variance_ratio=0.8310237881380306
