name='5be49c6f0ebc595e0ae306a9'
all={(0, 1): 1330, (1, 2): 1272, (0, 0): 250, (2, 1): 2098, (1, 1): 7614, (2, 0): 934, (2, 2): 266, (1, 0): 1975, (0, 2): 402}
white=[1982, 10861, 3298]
black=[3159, 11042, 1940]
N2=16141
chi2=361.1732842567133
p_chi2=0.0
trinomial=[5141, 21903, 5238]
pentanomial=[250, 3305, 8950, 3370, 266]
ldw=[0.1592528343968775, 0.6784895607459265, 0.16225760485719595]
ldw_white=[0.1227928876773434, 0.6728827210210024, 0.20432439130165417]
ldw_black=[0.19571278111641163, 0.6840964004708506, 0.12019081841273775]
ldw_pentanomial=[0.01548850752741466, 0.2047580695124218, 0.5544885694814448, 0.2087850814695496, 0.016479772009169197]
score=0.5015023852301592
score_white=0.5407657518121554
score_black=0.4622390186481631
elo=1.0439673261196367
elo_white=28.3899639507092
elo_black=-26.28907407475741
variance=0.08037535265213858
variance_white=0.08011747322393914
variance_black=0.07755000816963353
covariance=-0.011161221378507585
correlation=-0.14159801864307756
p_correlation=0.0
variance_pentanomial=0.06767251931827878
variance_ratio=0.8419561107391071
