name='5be5ac810ebc595e0ae30ff1'
all={(0, 1): 579, (1, 2): 506, (0, 0): 137, (2, 1): 862, (1, 1): 3387, (2, 0): 417, (2, 2): 121, (1, 0): 840, (0, 2): 161}
white=[877, 4733, 1400]
black=[1394, 4828, 788]
N2=7010
chi2=153.93814849975317
p_chi2=0.0
trinomial=[2271, 9561, 2188]
pentanomial=[137, 1419, 3965, 1368, 121]
ldw=[0.16198288159771754, 0.6819543509272468, 0.15606276747503567]
ldw_white=[0.12510699001426534, 0.6751783166904423, 0.19971469329529243]
ldw_black=[0.19885877318116976, 0.6887303851640514, 0.11241084165477888]
ldw_pentanomial=[0.019543509272467903, 0.20242510699001426, 0.5656205420827389, 0.19514978601997146, 0.01726105563480742]
score=0.49703994293865905
score_white=0.5373038516405135
score_black=0.4567760342368046
elo=-2.0568823464994255
elo_white=25.969627800943258
elo_black=-30.110244851662287
variance=0.07950265033038192
variance_white=0.07981384348017201
variance_black=0.07594909249268927
covariance=-0.009799847782157534
correlation=-0.12586904092298123
p_correlation=0.0
variance_pentanomial=0.06808162020427305
variance_ratio=0.8563440328259808
