name='5be6cadb0ebc595e0ae31a4f'
all={(0, 1): 834, (1, 2): 828, (0, 0): 149, (2, 1): 1269, (1, 1): 4795, (2, 0): 612, (2, 2): 158, (1, 0): 1335, (0, 2): 265}
white=[1248, 6958, 2039]
black=[2096, 6898, 1251]
N2=10245
chi2=268.29298674331915
p_chi2=0.0
trinomial=[3344, 13856, 3290]
pentanomial=[149, 2169, 5672, 2097, 158]
ldw=[0.1632015617374329, 0.676232308443143, 0.1605661298194241]
ldw_white=[0.12181551976573939, 0.6791605661298195, 0.1990239141044412]
ldw_black=[0.2045876037091264, 0.6733040507564666, 0.12210834553440703]
ldw_pentanomial=[0.014543679843826257, 0.21171303074670572, 0.5536359199609565, 0.20468521229868228, 0.015422157149829184]
score=0.49868228404099557
score_white=0.5386041971693509
score_black=0.4587603709126403
elo=-0.9156449514133862
elo_white=26.878437536101103
elo_black=-28.721477019784537
variance=0.0809401865138657
variance_white=0.07871957442845501
variance_black=0.07997328030362039
covariance=-0.012317201239233716
correlation=-0.15523806230731346
p_correlation=0.0
variance_pentanomial=0.06702922612680406
variance_ratio=0.8281328350450666
