name='5be682960ebc595e0ae31818'
all={(0, 1): 294, (1, 2): 320, (0, 0): 44, (2, 1): 491, (1, 1): 1793, (2, 0): 216, (2, 2): 63, (1, 0): 434, (0, 2): 83}
white=[421, 2547, 770]
black=[694, 2578, 466]
N2=3738
chi2=88.3687495146974
p_chi2=0.0
trinomial=[1115, 5125, 1236]
pentanomial=[44, 728, 2092, 811, 63]
ldw=[0.14914392723381487, 0.6855270197966827, 0.1653290529695024]
ldw_white=[0.1126270733012306, 0.6813804173354735, 0.20599250936329588]
ldw_black=[0.18566078116639914, 0.689673622257892, 0.12466559657570893]
ldw_pentanomial=[0.011771000535045479, 0.1947565543071161, 0.559657570893526, 0.2169609416800428, 0.016853932584269662]
score=0.5080925628678438
score_white=0.5466827180310326
score_black=0.4695024077046549
elo=5.6237797362943915
elo_white=32.53322754968607
elo_black=-21.21823736138391
variance=0.07855275547705931
variance_white=0.07747561950336668
variance_black=0.07665149129971394
covariance=-0.011417380991027903
correlation=-0.1481575065283266
p_correlation=0.0
variance_pentanomial=0.06564617441051235
variance_ratio=0.8356953745522495
