name='5be69b840ebc595e0ae31856'
all={(0, 1): 627, (1, 2): 618, (0, 0): 130, (2, 1): 971, (1, 1): 3713, (2, 0): 443, (2, 2): 128, (1, 0): 1077, (0, 2): 163}
white=[920, 5408, 1542]
black=[1650, 5311, 909]
N2=7870
chi2=117.95671614204649
p_chi2=0.0
trinomial=[2570, 10719, 2451]
pentanomial=[130, 1704, 4319, 1589, 128]
ldw=[0.16327827191867852, 0.6810038119440915, 0.15571791613723]
ldw_white=[0.11689961880559085, 0.6871664548919949, 0.19593392630241424]
ldw_black=[0.2096569250317662, 0.6748411689961881, 0.11550190597204574]
ldw_pentanomial=[0.016518424396442185, 0.21651842439644217, 0.5487928843710292, 0.20190597204574334, 0.016264294790343074]
score=0.49621982210927573
score_white=0.5395171537484117
score_black=0.45292249047013977
elo=-2.6267866865984746
elo_white=27.51672033008183
elo_black=-32.8099898072301
variance=0.0797347572690916
variance_white=0.07664678083662568
variance_black=0.07907341584741892
covariance=-0.009194268683127504
correlation=-0.11810138244541132
p_correlation=0.0
variance_pentanomial=0.06866582965889484
variance_ratio=0.8611781362443863
