name='5be6d5130ebc595e0ae31a8f'
all={(0, 1): 1520, (1, 2): 1542, (0, 0): 305, (2, 1): 2325, (1, 1): 9148, (2, 0): 1072, (2, 2): 305, (1, 0): 2422, (0, 2): 444}
white=[2269, 13112, 3702]
black=[3799, 12993, 2291]
N2=19083
chi2=387.0415250516659
p_chi2=0.0
trinomial=[6068, 26105, 5993]
pentanomial=[305, 3942, 10664, 3867, 305]
ldw=[0.15898967667557512, 0.683985746475921, 0.1570245768485039]
ldw_white=[0.11890164020332233, 0.6871037048682073, 0.19399465492847037]
ldw_black=[0.1990777131478279, 0.6808677880836347, 0.12005449876853744]
ldw_pentanomial=[0.015982811926845884, 0.20657129382172615, 0.5588219881569984, 0.20264109416758372, 0.015982811926845884]
score=0.4990174500864644
score_white=0.537546507362574
score_black=0.4604883928103548
elo=-0.6827464878649249
elo_white=26.139192267949856
elo_black=-27.512841963784965
variance=0.07900259797668713
variance_white=0.0768143335678203
variance_black=0.07822188587638246
covariance=-0.010385680105257034
correlation=-0.13398299045901782
p_correlation=0.0
variance_pentanomial=0.0671324296168444
variance_ratio=0.849749645406022
