name='5be682860ebc595e0ae31814'
all={(0, 1): 2765, (1, 2): 2819, (0, 0): 537, (2, 1): 4370, (1, 1): 16688, (2, 0): 2106, (2, 2): 623, (1, 0): 4465, (0, 2): 762}
white=[4064, 23972, 7099]
black=[7108, 23823, 4204]
N2=35135
chi2=711.8518449015626
p_chi2=0.0
trinomial=[11172, 47795, 11303]
pentanomial=[537, 7230, 19556, 7189, 623]
ldw=[0.1589867653337128, 0.6801622313931976, 0.16085100327308952]
ldw_white=[0.11566813718514302, 0.6822826241639391, 0.2020492386509179]
ldw_black=[0.20230539348228263, 0.6780418386224563, 0.11965276789526114]
ldw_pentanomial=[0.015283904938095916, 0.20577771452967128, 0.556595986907642, 0.20461078696456525, 0.017731606660025614]
score=0.5009321189696884
score_white=0.5431905507328875
score_black=0.45867368720648927
elo=0.6477033503605948
elo_white=30.08685101769069
elo_black=-28.78212447018648
variance=0.07995857330592693
variance_white=0.07756392028640513
variance_black=0.07878167621527885
covariance=-0.010368217456549006
correlation=-0.13263606017412363
p_correlation=0.0
variance_pentanomial=0.06780458079429297
variance_ratio=0.8479963810118027
