name='5be7eb1e0ebc595e0ae32523'
all={(0, 1): 1972, (1, 2): 1959, (0, 0): 379, (2, 1): 3156, (1, 1): 11544, (2, 0): 1359, (2, 2): 355, (1, 0): 3084, (0, 2): 505}
white=[2856, 16587, 4870]
black=[4822, 16672, 2819]
N2=24313
chi2=417.4018003771378
p_chi2=0.0
trinomial=[7678, 33259, 7689]
pentanomial=[379, 5056, 13408, 5115, 355]
ldw=[0.15789906634310863, 0.6839756508863571, 0.15812528277053428]
ldw_white=[0.11746802122321393, 0.6822276148562497, 0.20030436392053633]
ldw_black=[0.19833011146300333, 0.6857236869164645, 0.11594620162053222]
ldw_pentanomial=[0.015588368362604368, 0.20795459219347673, 0.5514745198042199, 0.21038127750586105, 0.014601242133837865]
score=0.5001131082137129
score_white=0.5414181713486612
score_black=0.45880804507876444
elo=0.07859563825820066
elo_white=28.846394365617645
elo_black=-28.688122976524017
variance=0.07900607448494262
variance_white=0.07772763136807048
variance_black=0.07687230112065077
covariance=-0.009913202870658305
correlation=-0.12824526416206297
p_correlation=0.0
variance_pentanomial=0.06738676337370209
variance_ratio=0.8529314209446641
