name='5be8b69e0ebc595e0ae33024'
all={(0, 1): 5079, (1, 2): 5213, (0, 0): 929, (2, 1): 8325, (1, 1): 30692, (2, 0): 3798, (2, 2): 1049, (1, 0): 8103, (0, 2): 1520}
white=[7528, 44008, 13172]
black=[12830, 44096, 7782]
N2=64708
chi2=1459.5838717771398
p_chi2=0.0
trinomial=[20358, 88104, 20954]
pentanomial=[929, 13182, 36010, 13538, 1049]
ldw=[0.15730666996352846, 0.6807813562465228, 0.1619119737899487]
ldw_white=[0.11633801075601162, 0.68010137850034, 0.2035606107436484]
ldw_black=[0.19827532917104532, 0.6814613339927057, 0.120263336836249]
ldw_pentanomial=[0.014356802868269765, 0.20371515114050812, 0.5564999690919207, 0.20921678926871484, 0.016211287630586636]
score=0.5023026519132101
score_white=0.5436112999938184
score_black=0.46099400383260186
elo=1.6000577432864251
elo_white=30.381437144489034
elo_black=-27.15932799118762
variance=0.07979935873253591
variance_white=0.07807270988776416
variance_black=0.07811319876481246
covariance=-0.011203020937374158
correlation=-0.14345751688434272
p_correlation=0.0
variance_pentanomial=0.06688993338891436
variance_ratio=0.8382264525847862
