name='5be815380ebc595e0ae325bf'
all={(0, 1): 478, (1, 2): 455, (0, 0): 123, (2, 1): 746, (1, 1): 2791, (2, 0): 336, (2, 2): 91, (1, 0): 752, (0, 2): 149}
white=[750, 3998, 1173]
black=[1211, 4015, 695]
N2=5921
chi2=115.53846492695827
p_chi2=0.0
trinomial=[1961, 8013, 1868]
pentanomial=[123, 1230, 3276, 1201, 91]
ldw=[0.1655970275291336, 0.676659348083094, 0.15774362438777234]
ldw_white=[0.12666779260260091, 0.6752237797669313, 0.19810842763046782]
ldw_black=[0.20452626245566627, 0.6780949163992569, 0.11737882114507685]
ldw_pentanomial=[0.02077351798682655, 0.2077351798682655, 0.5532849180881608, 0.20283735855429827, 0.01536902550244891]
score=0.49607329842931935
score_white=0.5357203175139335
score_black=0.4564262793447053
elo=-2.728607816171334
elo_white=24.863375520839078
elo_black=-30.35512433585601
variance=0.0808197439940013
variance_white=0.07991811397497095
variance_black=0.07857760176844011
covariance=-0.009885856794697723
correlation=-0.12475050634444415
p_correlation=0.0
variance_pentanomial=0.0693620010770079
variance_ratio=0.8582308932104039
