name='5be8ac420ebc595e0ae33010'
all={(0, 1): 2879, (1, 2): 2845, (0, 0): 529, (2, 1): 4458, (1, 1): 16538, (2, 0): 2023, (2, 2): 507, (1, 0): 4409, (0, 2): 777}
white=[4185, 23792, 6988]
black=[6961, 23875, 4129]
N2=34965
chi2=731.6250718746546
p_chi2=0.0
trinomial=[11146, 47667, 11117]
pentanomial=[529, 7288, 19338, 7303, 507]
ldw=[0.15938795938795938, 0.6816387816387817, 0.15897325897325898]
ldw_white=[0.11969111969111969, 0.6804518804518804, 0.19985699985699987]
ldw_black=[0.1990847990847991, 0.6828256828256828, 0.11808951808951809]
ldw_pentanomial=[0.01512941512941513, 0.20843700843700844, 0.5530673530673531, 0.20886600886600887, 0.014500214500214501]
score=0.4997926497926498
score_white=0.5400829400829401
score_black=0.4595023595023595
elo=-0.14408168965744392
elo_white=27.912375929303963
elo_black=-28.202422649214956
variance=0.07959026159619609
variance_white=0.07828038780133734
variance_black=0.07765352040770315
covariance=-0.010989348115045261
correlation=-0.14094993247044846
p_correlation=0.0
variance_pentanomial=0.066977605989475
variance_ratio=0.8415301652014686
