name='5be80d0e0ebc595e0ae3256f'
all={(0, 1): 2067, (1, 2): 2058, (0, 0): 409, (2, 1): 3187, (1, 1): 12242, (2, 0): 1510, (2, 2): 456, (1, 0): 3252, (0, 2): 559}
white=[3035, 17552, 5153]
black=[5171, 17496, 3073]
N2=25740
chi2=490.32939418605577
p_chi2=0.0
trinomial=[8206, 35048, 8226]
pentanomial=[409, 5319, 14311, 5245, 456]
ldw=[0.1594017094017094, 0.6808080808080809, 0.1597902097902098]
ldw_white=[0.1179098679098679, 0.6818958818958819, 0.2001942501942502]
ldw_black=[0.2008935508935509, 0.6797202797202797, 0.11938616938616939]
ldw_pentanomial=[0.01588966588966589, 0.20664335664335665, 0.555982905982906, 0.20376845376845376, 0.017715617715617717]
score=0.5001942501942502
score_white=0.5411421911421912
score_black=0.45924630924630927
elo=0.1349788667453372
elo_white=28.653307550377846
elo_black=-28.381527001824647
variance=0.07979794206484181
variance_white=0.07783334963404892
variance_black=0.07840906675988257
covariance=-0.010017165559123659
correlation=-0.12822681311693515
p_correlation=0.0
variance_pentanomial=0.06810404263784209
variance_ratio=0.8534561277595661
