name='5be93f3f0ebc595e0ae336a6'
all={(0, 1): 2242, (1, 2): 2202, (0, 0): 307, (2, 1): 3545, (1, 1): 16175, (2, 0): 2699, (2, 2): 331, (1, 0): 3402, (0, 2): 1251}
white=[3800, 21779, 6575]
black=[6408, 21962, 3784]
N2=32154
chi2=4052.157573217237
p_chi2=0.0
trinomial=[10208, 43741, 10359]
pentanomial=[307, 5644, 20125, 5747, 331]
ldw=[0.1587360826024756, 0.680179759905455, 0.16108415749206942]
ldw_white=[0.11818125272127884, 0.6773340797412453, 0.2044846675374759]
ldw_black=[0.19929091248367234, 0.6830254400696647, 0.11768364744666293]
ldw_pentanomial=[0.009547801206692791, 0.17553026062076257, 0.6258941344778255, 0.1787335945761025, 0.010294209118616657]
score=0.5011740374447969
score_white=0.5431517074080985
score_black=0.4591963674814953
elo=0.8158062734230894
elo_white=30.059657181437114
elo_black=-28.416462471116798
variance=0.07995368165971445
variance_white=0.0788044102124546
variance_black=0.07757870355587865
covariance=-0.023990326549747254
correlation=-0.30682422021527395
p_correlation=0.0
variance_pentanomial=0.05420123033441926
variance_ratio=0.6779078737749878
