name='5be9239d0ebc595e0ae33406'
all={(0, 1): 1133, (1, 2): 1175, (0, 0): 242, (2, 1): 1713, (1, 1): 6755, (2, 0): 787, (2, 2): 220, (1, 0): 1761, (0, 2): 289}
white=[1664, 9691, 2720]
black=[2790, 9601, 1684]
N2=14075
chi2=239.6964881633731
p_chi2=0.0
trinomial=[4454, 19292, 4404]
pentanomial=[242, 2894, 7831, 2888, 220]
ldw=[0.15822380106571937, 0.685328596802842, 0.1564476021314387]
ldw_white=[0.11822380106571936, 0.688525754884547, 0.19325044404973357]
ldw_black=[0.19822380106571935, 0.6821314387211368, 0.11964476021314387]
ldw_pentanomial=[0.01719360568383659, 0.20561278863232682, 0.5563765541740675, 0.20518650088809948, 0.015630550621669625]
score=0.4991119005328597
score_white=0.5375133214920071
score_black=0.46071047957371225
elo=-0.6171153657124988
elo_white=26.116001708096267
elo_black=-27.357556005402476
variance=0.07866706207862598
variance_white=0.07646131198950051
variance_black=0.07792347390438811
covariance=-0.009431981045465027
correlation=-0.12219344067391406
p_correlation=0.0
variance_pentanomial=0.06776041190147924
variance_ratio=0.8613568386951355
