name='5bea33b00ebc595e0ae3470f'
all={(0, 1): 3674, (1, 2): 3586, (0, 0): 709, (2, 1): 5760, (1, 1): 21925, (2, 0): 2746, (2, 2): 684, (1, 0): 5822, (0, 2): 1075}
white=[5458, 31333, 9190]
black=[9277, 31359, 5345]
N2=45981
chi2=1109.3466411025397
p_chi2=0.0
trinomial=[14735, 62692, 14535]
pentanomial=[709, 9496, 25746, 9346, 684]
ldw=[0.1602292251147213, 0.6817163611056741, 0.1580544137796046]
ldw_white=[0.11870120267066832, 0.6814336356321089, 0.19986516169722277]
ldw_black=[0.20175724755877428, 0.6819990865792392, 0.11624366586198648]
ldw_pentanomial=[0.01541941236597725, 0.2065200843826798, 0.5599269263391401, 0.2032578673800048, 0.014875709532198082]
score=0.4989125943324417
score_white=0.5405819795132772
score_black=0.4572432091516061
elo=-0.7556080409116518
elo_white=28.261415211405456
elo_black=-29.783200710914834
variance=0.07956972727249559
variance_white=0.0779946940307567
variance_black=0.07767208519153693
covariance=-0.01146594959389527
correlation=-0.14731433738453317
p_correlation=0.0
variance_pentanomial=0.06636744001725153
variance_ratio=0.8340790183931218
