name='5beadb6a0ebc595e0ae35542'
all={(0, 1): 1186, (1, 2): 1281, (0, 0): 260, (2, 1): 1938, (1, 1): 7182, (2, 0): 820, (2, 2): 243, (1, 0): 1890, (0, 2): 359}
white=[1805, 10353, 3001]
black=[2970, 10306, 1883]
N2=15159
chi2=261.4637264883297
p_chi2=0.0
trinomial=[4775, 20659, 4884]
pentanomial=[260, 3076, 8361, 3219, 243]
ldw=[0.15749719638498583, 0.6814103832706643, 0.1610924203443499]
ldw_white=[0.1190711788376542, 0.6829606174549773, 0.19796820370736856]
ldw_black=[0.19592321393231743, 0.6798601490863514, 0.12421663698133122]
ldw_pentanomial=[0.017151527145590078, 0.2029157596147503, 0.5515535325549179, 0.21234909954482487, 0.016030081139916882]
score=0.5017976119796821
score_white=0.5394485124348571
score_black=0.4641467115245069
elo=1.2491141232896776
elo_white=27.468724176387827
elo_black=-24.95624897956834
variance=0.07964417277350433
variance_white=0.0777036605029327
variance_black=0.07874950443390522
covariance=-0.009734133748377533
correlation=-0.12443789483106628
p_correlation=0.0
variance_pentanomial=0.06849244872004123
variance_ratio=0.8599806656894174
