name='5bea879a0ebc595e0ae34d80'
all={(0, 1): 2858, (1, 2): 2912, (0, 0): 497, (2, 1): 4614, (1, 1): 17307, (2, 0): 2180, (2, 2): 590, (1, 0): 4535, (0, 2): 827}
white=[4182, 24754, 7384]
black=[7212, 24779, 4329]
N2=36320
chi2=869.4721305967436
p_chi2=0.0
trinomial=[11394, 49533, 11713]
pentanomial=[497, 7393, 20314, 7526, 590]
ldw=[0.1568557268722467, 0.681897026431718, 0.16124724669603524]
ldw_white=[0.1151431718061674, 0.6815528634361233, 0.20330396475770926]
ldw_black=[0.19856828193832599, 0.6822411894273128, 0.11919052863436123]
ldw_pentanomial=[0.013683920704845814, 0.20355176211453743, 0.559306167400881, 0.2072136563876652, 0.016244493392070486]
score=0.5021957599118942
score_white=0.5440803964757709
score_black=0.46031112334801766
elo=1.5257800698124264
elo_white=30.70992480654878
elo_black=-27.636798951057795
variance=0.07952092203047983
variance_white=0.07766870278750804
variance_black=0.07786449571327553
covariance=-0.011466357612339634
correlation=-0.14744590618929948
p_correlation=0.0
variance_pentanomial=0.06630024163805215
variance_ratio=0.8337458865559898
