name='5beb18710ebc595e0ae35987'
all={(0, 1): 1861, (1, 2): 1870, (0, 0): 359, (2, 1): 3022, (1, 1): 11304, (2, 0): 1392, (2, 2): 344, (1, 0): 2927, (0, 2): 547}
white=[2767, 16101, 4758]
black=[4678, 16187, 2761]
N2=23626
chi2=561.6745808717277
p_chi2=0.0
trinomial=[7445, 32288, 7519]
pentanomial=[359, 4788, 13243, 4892, 344]
ldw=[0.1575594683822907, 0.6833149919580124, 0.15912553965969695]
ldw_white=[0.11711673579954288, 0.6814949631761619, 0.20138830102429528]
ldw_black=[0.1980022009650385, 0.6851350207398629, 0.11686277829509863]
ldw_pentanomial=[0.01519512401591467, 0.20265808854651654, 0.5605265385592144, 0.20706001862355033, 0.014560230254804029]
score=0.5007830356387031
score_white=0.5421357826123763
score_black=0.45943028866503005
elo=0.5441093360597812
elo_white=29.34854749659719
elo_black=-28.252833894886376
variance=0.07917063886568548
variance_white=0.077850835029602
variance_black=0.0770703433372315
covariance=-0.011369374941422122
correlation=-0.14677811451160905
p_correlation=0.0
variance_pentanomial=0.06609121424199482
variance_ratio=0.8347945044894717
