name='5bebb4eb0ebc595e0ae36307'
all={(0, 1): 2169, (1, 2): 2257, (0, 0): 463, (2, 1): 3553, (1, 1): 13127, (2, 0): 1610, (2, 2): 412, (1, 0): 3468, (0, 2): 678}
white=[3310, 18852, 5575]
black=[5541, 18849, 3347]
N2=27737
chi2=624.9765237274305
p_chi2=0.0
trinomial=[8851, 37701, 8922]
pentanomial=[463, 5637, 15415, 5810, 412]
ldw=[0.1595522226628691, 0.6796156758120921, 0.16083210152503877]
ldw_white=[0.11933518405018567, 0.6796697552006346, 0.2009950607491798]
ldw_black=[0.1997692612755525, 0.6795615964235497, 0.12066914230089772]
ldw_pentanomial=[0.016692504596748026, 0.20323034214226485, 0.555755849587194, 0.20946749828748604, 0.014853805386307099]
score=0.5006399394310849
score_white=0.5408299383494971
score_black=0.4604499405126726
elo=0.4446757046823107
elo_white=28.434864264996705
elo_black=-27.539729423631087
variance=0.08009567152450153
variance_white=0.07841547733421761
variance_black=0.07854539368866142
covariance=-0.011120869511144021
correlation=-0.14170249244983935
p_correlation=0.0
variance_pentanomial=0.06735956600029558
variance_ratio=0.8409888414468198
