name='5beb66570ebc595e0ae35f91'
all={(0, 1): 875, (1, 2): 800, (0, 0): 156, (2, 1): 1331, (1, 1): 4966, (2, 0): 613, (2, 2): 167, (1, 0): 1321, (0, 2): 226}
white=[1257, 7087, 2111]
black=[2090, 7172, 1193]
N2=10455
chi2=211.22981216910063
p_chi2=0.0
trinomial=[3347, 14259, 3304]
pentanomial=[156, 2196, 5805, 2131, 167]
ldw=[0.16006695361071258, 0.681922525107604, 0.1580105212816834]
ldw_white=[0.12022955523672883, 0.6778574844571975, 0.20191296030607364]
ldw_black=[0.1999043519846963, 0.6859875657580106, 0.11410808225729316]
ldw_pentanomial=[0.014921090387374462, 0.21004304160688667, 0.5552367288378766, 0.2038259206121473, 0.015973218555714968]
score=0.4989717838354854
score_white=0.5408417025346723
score_black=0.45710186513629847
elo=-0.7144787774813955
elo_white=28.443093750911615
elo_black=-29.882142505856976
variance=0.07951831149461802
variance_white=0.07886758421976997
variance_black=0.07666285858571303
covariance=-0.010586561110779463
correlation=-0.13614858597506047
p_correlation=0.0
variance_pentanomial=0.06717866029196207
variance_ratio=0.8448200047168868
