name='5bec3b8c0ebc595e0ae36dec'
all={(0, 1): 1757, (1, 2): 1749, (0, 0): 327, (2, 1): 2699, (1, 1): 10179, (2, 0): 1272, (2, 2): 385, (1, 0): 2543, (0, 2): 483}
white=[2567, 14471, 4356]
black=[4142, 14635, 2617]
N2=21394
chi2=466.49486224135774
p_chi2=0.0
trinomial=[6709, 29106, 6973]
pentanomial=[327, 4300, 11934, 4448, 385]
ldw=[0.15679629802748435, 0.680237449752267, 0.16296625222024866]
ldw_white=[0.11998691221837898, 0.6764045994203982, 0.20360848836122278]
ldw_black=[0.1936056838365897, 0.6840703000841357, 0.12232401607927457]
ldw_pentanomial=[0.015284659250257081, 0.20099093203701973, 0.5578199495185566, 0.20790875946527063, 0.01799569972889595]
score=0.5030849770963821
score_white=0.5418107880714219
score_black=0.4643591661213424
elo=2.14368885010839
elo_white=29.121115431262808
elo_black=-24.80786193584331
variance=0.07993112047824807
variance_white=0.07915070814574704
variance_black=0.07771215593940001
covariance=-0.010697825282581147
correlation=-0.13640290495040236
p_correlation=0.0
variance_pentanomial=0.06773360675999252
variance_ratio=0.8473996905676443
