name='5bec85c00ebc595e0ae37429'
all={(0, 1): 1313, (1, 2): 1381, (0, 0): 273, (2, 1): 2143, (1, 1): 7852, (2, 0): 1055, (2, 2): 251, (1, 0): 2189, (0, 2): 394}
white=[1980, 11422, 3449]
black=[3517, 11308, 2026]
N2=16851
chi2=403.8397304524399
p_chi2=0.0
trinomial=[5497, 22730, 5475]
pentanomial=[273, 3502, 9301, 3524, 251]
ldw=[0.16310604711886534, 0.6744406860126996, 0.16245326686843511]
ldw_white=[0.11750044507744348, 0.6778232745831108, 0.20467628033944574]
ldw_black=[0.20871164916028723, 0.6710580974422883, 0.12023025339742449]
ldw_pentanomial=[0.016200818942495993, 0.2078214942733369, 0.5519553735683342, 0.20912705477419738, 0.014895258441635511]
score=0.49967360987478493
score_white=0.5435879176310011
score_black=0.45575930211856863
elo=-0.22679912074052636
elo_white=30.365064925150897
elo_black=-30.82218936569573
variance=0.08138972196631125
variance_white=0.07864427479081537
variance_black=0.08027823629039182
covariance=-0.01179486127862378
correlation=-0.14844322129698517
p_correlation=0.0
variance_pentanomial=0.06766639426197979
variance_ratio=0.8313874605688933
