name='5bed903b0ebc595e0ae381d2'
all={(0, 1): 90, (1, 2): 90, (0, 0): 24, (2, 1): 151, (1, 1): 657, (2, 0): 91, (2, 2): 18, (1, 0): 186, (0, 2): 35}
white=[149, 933, 260]
black=[301, 898, 143]
N2=1342
chi2=56.57419026897096
p_chi2=1.519662173876668e-11
trinomial=[450, 1831, 403]
pentanomial=[24, 276, 783, 241, 18]
ldw=[0.1676602086438152, 0.6821907600596125, 0.15014903129657228]
ldw_white=[0.11102831594634874, 0.6952309985096871, 0.19374068554396423]
ldw_black=[0.22429210134128166, 0.669150521609538, 0.10655737704918032]
ldw_pentanomial=[0.01788375558867362, 0.20566318926974664, 0.5834575260804769, 0.1795827123695976, 0.013412816691505217]
score=0.4912444113263785
score_white=0.5413561847988078
score_black=0.44113263785394935
elo=-6.084628138519616
elo_white=28.803024546682085
elo_black=-41.09582266751207
variance=0.07937564965207525
variance_white=0.07448191635146512
variance_black=0.07924700327158118
covariance=-0.013213756632559054
correlation=-0.17199247994667313
p_correlation=2.2665380683406511e-10
variance_pentanomial=0.0636507031789641
variance_ratio=0.8018920595669099
