name='5bedff650ebc595e0ae38a07'
all={(0, 1): 1085, (1, 2): 1088, (0, 0): 208, (2, 1): 1575, (1, 1): 6499, (2, 0): 802, (2, 2): 187, (1, 0): 1726, (0, 2): 328}
white=[1621, 9313, 2564]
black=[2736, 9159, 1603]
N2=13498
chi2=373.3399791000678
p_chi2=0.0
trinomial=[4357, 18472, 4167]
pentanomial=[208, 2811, 7629, 2663, 187]
ldw=[0.16139428063416802, 0.6842495184471774, 0.15435620091865462]
ldw_white=[0.12009186546154986, 0.689954067269225, 0.18995406726922506]
ldw_black=[0.2026966958067862, 0.6785449696251297, 0.11875833456808416]
ldw_pentanomial=[0.015409690324492518, 0.20825307452955993, 0.5651948436805453, 0.19728848718328643, 0.013853904282115869]
score=0.4964809601422433
score_white=0.5349311009038376
score_black=0.458030819380649
elo=-2.4453197233979624
elo_white=24.312220375386808
elo_black=-29.231955845565047
variance=0.0789252367466852
variance_white=0.07629130137233964
variance_black=0.07860234547185785
covariance=-0.012147098187729688
correlation=-0.15686183014037783
p_correlation=0.0
variance_pentanomial=0.06529972523436905
variance_ratio=0.8273617910574288
