name='5bed91e30ebc595e0ae38258'
all={(0, 1): 100, (1, 2): 107, (0, 0): 15, (2, 1): 189, (1, 1): 646, (2, 0): 76, (2, 2): 23, (1, 0): 155, (0, 2): 26}
white=[141, 908, 288]
black=[246, 935, 156]
N2=1337
chi2=25.35181583261412
p_chi2=4.2744408015771285e-05
trinomial=[387, 1843, 444]
pentanomial=[15, 255, 748, 296, 23]
ldw=[0.14472700074794315, 0.6892296185489902, 0.16604338070306657]
ldw_white=[0.10545998504113688, 0.6791323859386686, 0.21540762902019447]
ldw_black=[0.18399401645474944, 0.6993268511593119, 0.11667913238593867]
ldw_pentanomial=[0.011219147344801795, 0.1907255048616305, 0.5594614809274495, 0.22139117427075541, 0.01720269259536275]
score=0.5106581899775617
score_white=0.5549738219895288
score_black=0.46634255796559465
elo=7.407190999940975
elo_white=38.354775820191016
elo_black=-23.423007854441693
variance=0.0775789983491546
variance_white=0.07719478241119643
variance_black=0.07403546380587264
covariance=-0.01011681227409969
correlation=-0.13382270894247003
p_correlation=9.0726201507074222e-07
variance_pentanomial=0.06549831083443491
variance_ratio=0.8442788928474051
