name='5bee677a0ebc595e0ae390d6'
all={(0, 1): 2795, (1, 2): 2848, (0, 0): 577, (2, 1): 4508, (1, 1): 16486, (2, 0): 1988, (2, 2): 569, (1, 0): 4438, (0, 2): 816}
white=[4188, 23772, 7065]
black=[7003, 23789, 4233]
N2=35025
chi2=646.7664410143365
p_chi2=0.0
trinomial=[11191, 47561, 11298]
pentanomial=[577, 7233, 19290, 7356, 569]
ldw=[0.15975731620271236, 0.6789578872234119, 0.16128479657387582]
ldw_white=[0.11957173447537474, 0.6787152034261242, 0.20171306209850107]
ldw_black=[0.19994289793004996, 0.6792005710206995, 0.12085653104925054]
ldw_pentanomial=[0.016473947180585296, 0.20650963597430408, 0.5507494646680943, 0.21002141327623125, 0.016245538900785155]
score=0.5007637401855818
score_white=0.5410706638115632
score_black=0.4604568165596003
elo=0.5307014498733192
elo_white=28.6032670488712
elo_black=-27.53492137896765
variance=0.08025994489507587
variance_white=0.07863439971754649
variance_black=0.07863619388822399
covariance=-0.010210339204025282
correlation=-0.12984422542823124
p_correlation=0.0
variance_pentanomial=0.06842495759885991
variance_ratio=0.8525417963881251
