name='5bee6d590ebc595e0ae39251'
all={(0, 1): 1479, (1, 2): 1479, (0, 0): 282, (2, 1): 2313, (1, 1): 8614, (2, 0): 1031, (2, 2): 277, (1, 0): 2343, (0, 2): 417}
white=[2178, 12436, 3621]
black=[3656, 12406, 2173]
N2=18235
chi2=354.82536125514616
p_chi2=0.0
trinomial=[5834, 24842, 5794]
pentanomial=[282, 3822, 10062, 3792, 277]
ldw=[0.1599670962434878, 0.6811625993967645, 0.15887030435974775]
ldw_white=[0.11944063613929257, 0.6819851933095695, 0.19857417055113794]
ldw_black=[0.20049355634768304, 0.6803400054839595, 0.11916643816835755]
ldw_pentanomial=[0.015464765560734851, 0.20959692898272553, 0.5517959967096243, 0.20795174115711543, 0.015190567589799836]
score=0.49945160405813
score_white=0.5395667672059227
score_black=0.45933644091033726
elo=-0.3810646831246092
elo_white=27.55141226403346
elo_black=-28.3184791772801
variance=0.07970904941269982
variance_white=0.07793817260547997
variance_black=0.07826147359117164
covariance=-0.01057917423179644
correlation=-0.1354573733077025
p_correlation=0.0
variance_pentanomial=0.06752064886652936
variance_ratio=0.8470888733967449
