name='5befcca70ebc595e0ae3a343'
all={(0, 1): 5688, (1, 2): 5713, (0, 0): 1135, (2, 1): 8768, (1, 1): 33171, (2, 0): 4190, (2, 2): 1109, (1, 0): 8848, (0, 2): 1639}
white=[8462, 47732, 14067]
black=[14173, 47627, 8461]
N2=70261
chi2=1561.6312341513694
p_chi2=0.0
trinomial=[22635, 95359, 22528]
pentanomial=[1135, 14536, 39000, 14481, 1109]
ldw=[0.16107798067206558, 0.6786054852620942, 0.16031653406584023]
ldw_white=[0.12043665760521484, 0.6793526992214742, 0.20021064317331094]
ldw_black=[0.20171930373891633, 0.6778582713027141, 0.12042242495836951]
ldw_pentanomial=[0.016154054169453893, 0.2068857545437725, 0.5550732269680192, 0.20610295896727915, 0.015784005351475214]
score=0.4996192766968873
score_white=0.5398869927840481
score_black=0.4593515606097266
elo=-0.2645536986076211
elo_white=27.775341436822423
elo_black=-28.307903008224738
variance=0.08034848373424291
variance_white=0.07857085300127675
variance_black=0.07888313654945672
covariance=-0.01113466572648783
correlation=-0.1414341758886889
p_correlation=0.0
variance_pentanomial=0.06759232904887891
variance_ratio=0.8412396339978773
