name='5bef5bc20ebc595e0ae3a020'
all={(0, 1): 674, (1, 2): 692, (0, 0): 133, (2, 1): 1100, (1, 1): 4050, (2, 0): 513, (2, 2): 108, (1, 0): 1069, (0, 2): 190}
white=[997, 5811, 1721]
black=[1715, 5824, 990]
N2=8529
chi2=208.56134181269064
p_chi2=0.0
trinomial=[2712, 11635, 2711]
pentanomial=[133, 1743, 4753, 1792, 108]
ldw=[0.15898698557861413, 0.6820846523625278, 0.15892836205885802]
ldw_white=[0.11689529839371555, 0.6813225466056982, 0.20178215500058624]
ldw_black=[0.2010786727635127, 0.6828467581193575, 0.1160745691171298]
ldw_pentanomial=[0.015593856255129558, 0.20436158986985578, 0.5572751788017353, 0.21010669480595615, 0.01266268026732325]
score=0.4999706882401219
score_white=0.5424434283034354
score_black=0.45749794817680856
elo=-0.02036789693520219
elo_white=29.563861907610818
elo_black=-29.60489377655913
variance=0.07947883605018882
variance_white=0.0778679187424266
variance_black=0.07748188606097936
covariance=-0.011738100274358676
correlation=-0.1511187803539404
p_correlation=0.0
variance_pentanomial=0.06593680212734448
variance_ratio=0.8296145918104174
