name='5bef59d80ebc595e0ae3a006'
all={(0, 1): 1516, (1, 2): 1582, (0, 0): 290, (2, 1): 2545, (1, 1): 9253, (2, 0): 1192, (2, 2): 310, (1, 0): 2561, (0, 2): 462}
white=[2268, 13396, 4047]
black=[4043, 13314, 2354]
N2=19711
chi2=451.48760645495037
p_chi2=0.0
trinomial=[6311, 26710, 6401]
pentanomial=[290, 4077, 10907, 4127, 310]
ldw=[0.16008827558216224, 0.6775404596418244, 0.16237126477601338]
ldw_white=[0.11506265537009791, 0.6796205164628888, 0.20531682816701335]
ldw_black=[0.20511389579422656, 0.67546040282076, 0.11942570138501345]
ldw_pentanomial=[0.014712597027040739, 0.20683882096291412, 0.5533458474963219, 0.20937547562274872, 0.015727258890974583]
score=0.5011414945969256
score_white=0.5451270863984577
score_black=0.4571559027953935
elo=0.7931930653605958
elo_white=31.44307411907564
elo_black=-29.844315198196977
variance=0.0806135820796291
variance_white=0.0780584169574639
variance_black=0.07929928262953223
covariance=-0.011434740781112201
correlation=-0.14533888525929756
p_correlation=0.0
variance_pentanomial=0.06724410901238598
variance_ratio=0.8341535914625786
