name='5bf07e350ebc595e0ae3b00d'
all={(0, 1): 859, (1, 2): 806, (0, 0): 179, (2, 1): 1294, (1, 1): 4935, (2, 0): 610, (2, 2): 167, (1, 0): 1356, (0, 2): 248}
white=[1286, 7097, 2071]
black=[2145, 7088, 1221]
N2=10454
chi2=214.26796350632057
p_chi2=0.0
trinomial=[3431, 14185, 3292]
pentanomial=[179, 2215, 5793, 2100, 167]
ldw=[0.1640998660799694, 0.6784484407882151, 0.15745169313181556]
ldw_white=[0.12301511383202601, 0.6788788980294624, 0.19810598813851157]
ldw_black=[0.20518461832791277, 0.6780179835469676, 0.11679739812511958]
ldw_pentanomial=[0.01712263248517314, 0.2118806198584274, 0.5541419552324469, 0.20088004591543906, 0.015974746508513486]
score=0.4966759135259231
score_white=0.5375454371532428
score_black=0.4558063898986034
elo=-2.309845891644711
elo_white=26.138444393222453
elo_black=-30.789211517370504
variance=0.08037684025205905
variance_white=0.0788706156416063
variance_black=0.07854242893946381
covariance=-0.010584848673732689
correlation=-0.13448531799386498
p_correlation=0.0
variance_pentanomial=0.06812167361680233
variance_ratio=0.8475286339096569
