name='5bf010290ebc595e0ae3a6d8'
all={(0, 1): 478, (1, 2): 463, (0, 0): 88, (2, 1): 728, (1, 1): 2741, (2, 0): 325, (2, 2): 105, (1, 0): 816, (0, 2): 126}
white=[692, 4020, 1158]
black=[1229, 3947, 694]
N2=5870
chi2=87.01356839583987
p_chi2=0.0
trinomial=[1921, 7967, 1852]
pentanomial=[88, 1294, 3192, 1191, 105]
ldw=[0.16362862010221466, 0.6786201022146507, 0.15775127768313457]
ldw_white=[0.11788756388415673, 0.6848381601362862, 0.19727427597955707]
ldw_black=[0.20936967632027256, 0.6724020442930153, 0.1182282793867121]
ldw_pentanomial=[0.014991482112436116, 0.22044293015332198, 0.5437819420783646, 0.2028960817717206, 0.01788756388415673]
score=0.49706132879045994
score_white=0.5396933560477002
score_black=0.45442930153321975
elo=-2.0420214175265476
elo_white=27.639931292577632
elo_black=-31.753884128086565
variance=0.08033633865785952
variance_white=0.07721489745159893
variance_black=0.079822800367996
covariance=-0.009179220997826226
correlation=-0.11692080494811866
p_correlation=0.0
variance_pentanomial=0.06933962791197129
variance_ratio=0.8631166053917196
