name='5bf0a3b30ebc595e0ae3b552'
all={(0, 1): 1433, (1, 2): 1324, (0, 0): 256, (2, 1): 2104, (1, 1): 7903, (2, 0): 1044, (2, 2): 264, (1, 0): 2172, (0, 2): 402}
white=[2091, 11399, 3412]
black=[3472, 11440, 1990]
N2=16902
chi2=419.47328834245354
p_chi2=0.0
trinomial=[5563, 22839, 5402]
pentanomial=[256, 3605, 9349, 3428, 264]
ldw=[0.16456632351201042, 0.6756301029463969, 0.15980357354159272]
ldw_white=[0.12371317003904864, 0.6744172287303277, 0.20186960123062359]
ldw_black=[0.2054194769849722, 0.676842977162466, 0.11773754585256183]
ldw_pentanomial=[0.015146136551887351, 0.21328836824044492, 0.5531298071234173, 0.20281623476511657, 0.01561945331913383]
score=0.49761862501479115
score_white=0.5390782155957874
score_black=0.4561590344337948
elo=-1.654761336830254
elo_white=27.209819041264044
elo_black=-30.542255051708743
variance=0.08108680331658064
variance_white=0.07986858588326723
variance_black=0.07886722544760635
covariance=-0.01198337724787124
correlation=-0.15098818086661908
p_correlation=0.0
variance_pentanomial=0.06738452841756537
variance_ratio=0.8310172020776477
