name='5bf07e470ebc595e0ae3b00f'
all={(0, 1): 1419, (1, 2): 1293, (0, 0): 223, (2, 1): 2077, (1, 1): 7752, (2, 0): 966, (2, 2): 273, (1, 0): 2081, (0, 2): 368}
white=[2010, 11126, 3316]
black=[3270, 11248, 1934]
N2=16452
chi2=357.3643147824193
p_chi2=0.0
trinomial=[5280, 22374, 5250]
pentanomial=[223, 3500, 9086, 3370, 273]
ldw=[0.16046681254558717, 0.6799781181619255, 0.15955506929248722]
ldw_white=[0.12217359591539023, 0.6762703622659859, 0.20155604181862388]
ldw_black=[0.1987600291757841, 0.6836858740578653, 0.11755409676635059]
ldw_pentanomial=[0.013554583029418915, 0.21274009238998298, 0.5522732798443958, 0.20483831752978363, 0.016593727206418673]
score=0.49954412837344997
score_white=0.5396912229516169
score_black=0.45939703379528324
elo=-0.3167721387620854
elo_white=27.638439665502645
elo_black=-28.27609501276804
variance=0.08000526264057878
variance_white=0.07935701625410851
variance_black=0.0774299306209123
covariance=-0.011122432717500658
correlation=-0.1418902934853078
p_correlation=0.0
variance_pentanomial=0.06727104072000989
variance_ratio=0.8408326964967667
