name='5bf173a20ebc595e0ae3c1ba'
all={(0, 1): 1715, (1, 2): 1786, (0, 0): 373, (2, 1): 2843, (1, 1): 10457, (2, 0): 1271, (2, 2): 371, (1, 0): 2824, (0, 2): 523}
white=[2611, 15067, 4485]
black=[4468, 15015, 2680]
N2=22163
chi2=419.74673262552267
p_chi2=0.0
trinomial=[7079, 30082, 7165]
pentanomial=[373, 4539, 12251, 4629, 371]
ldw=[0.15970310878491178, 0.6786536118756487, 0.16164327933943962]
ldw_white=[0.11780896088074719, 0.6798267382574561, 0.2023643008617967]
ldw_black=[0.20159725668907638, 0.6774804854938411, 0.12092225781708253]
ldw_pentanomial=[0.016829851554392455, 0.20480079411632, 0.5527681270586112, 0.20886161620719218, 0.016739611063484185]
score=0.5009700852772639
score_white=0.5422776699905247
score_black=0.4596625005640031
elo=0.6740851384379328
elo_white=29.447848528401877
elo_black=-28.090413336520474
variance=0.08033565596564268
variance_white=0.07825591405580828
variance_black=0.07900276476579066
covariance=-0.010138688942312485
correlation=-0.12894427650169338
p_correlation=0.0
variance_pentanomial=0.06849065046848701
variance_ratio=0.852556061753931
