name='5bf2e8910ebc5902bcecb919'
all={(0, 1): 2798, (1, 2): 2796, (0, 0): 615, (2, 1): 4284, (1, 1): 15154, (2, 0): 1995, (2, 2): 567, (1, 0): 4159, (0, 2): 828}
white=[4241, 22109, 6846]
black=[6769, 22236, 4191]
N2=33196
chi2=646.9155654658823
p_chi2=0.0
trinomial=[11010, 44345, 11037]
pentanomial=[615, 6957, 17977, 7080, 567]
ldw=[0.16583323291962887, 0.6679268586576697, 0.16623990842270153]
ldw_white=[0.12775635618749248, 0.6660139775876611, 0.20622966622484637]
ldw_black=[0.2039101096517653, 0.6698397397276781, 0.1262501506205567]
ldw_pentanomial=[0.01852632847331004, 0.2095734425834438, 0.5415411495360887, 0.2132787082781058, 0.017080371129051693]
score=0.5002033377515364
score_white=0.5392366550186769
score_black=0.4611700204843957
elo=0.14129354931703011
elo_white=27.320593433137255
elo_black=-27.03627357524411
variance=0.08301824398934138
variance_white=0.08195699050603006
variance_black=0.08103229775889828
covariance=-0.010834858166071937
correlation=-0.13295392175667825
p_correlation=0.0
variance_pentanomial=0.07065978596639211
variance_ratio=0.8511356368301893
