name='5bf2e9c00ebc5902bcecb941'
all={(0, 1): 1524, (1, 2): 1614, (0, 0): 357, (2, 1): 2503, (1, 1): 8724, (2, 0): 1147, (2, 2): 320, (1, 0): 2457, (0, 2): 497}
white=[2378, 12795, 3970]
black=[3961, 12751, 2431]
N2=19143
chi2=387.6450985880025
p_chi2=0.0
trinomial=[6339, 25546, 6401]
pentanomial=[357, 3981, 10368, 4117, 320]
ldw=[0.16556965992791098, 0.6672412892441101, 0.16718905082797889]
ldw_white=[0.12422295356004806, 0.668390534398997, 0.20738651204095493]
ldw_black=[0.20691636629577392, 0.6660920440892232, 0.12699158961500287]
ldw_pentanomial=[0.018649114558846575, 0.20796113461839838, 0.5416078984485191, 0.21506555921224468, 0.016716293161991327]
score=0.500809695450034
score_white=0.5415817792404534
score_black=0.46003761165961443
elo=0.5626345173780469
elo_white=28.960869391543905
elo_black=-27.828067814810005
variance=0.08318902208225065
variance_white=0.08117332203544902
variance_black=0.08187999649582645
covariance=-0.010966929889831917
correlation=-0.1345208179685332
p_correlation=0.0
variance_pentanomial=0.07055972937580568
variance_ratio=0.8481855851850484
