name='5bf2cea70ebc5902bcecb6ab'
all={(0, 1): 13, (1, 2): 13, (0, 0): 7, (2, 1): 25, (1, 1): 93, (2, 0): 12, (2, 2): 4, (1, 0): 30, (0, 2): 1}
white=[21, 136, 41]
black=[49, 131, 18]
N2=198
trinomial=[70, 267, 59]
pentanomial=[7, 43, 106, 38, 4]
ldw=[0.17676767676767677, 0.6742424242424242, 0.14898989898989898]
ldw_white=[0.10606060606060606, 0.6868686868686869, 0.20707070707070707]
ldw_black=[0.2474747474747475, 0.6616161616161617, 0.09090909090909091]
ldw_pentanomial=[0.03535353535353535, 0.21717171717171718, 0.5353535353535354, 0.1919191919191919, 0.020202020202020204]
score=0.48611111111111105
score_white=0.5505050505050505
score_black=0.4217171717171717
elo=-9.653471886687784
elo_white=35.21459651828434
elo_black=-54.84760447692189
variance=0.08124649270482606
variance_white=0.07573206815631056
variance_black=0.07846775839200082
covariance=0.0014284256708499143
correlation=0.018529859009203814
p_correlation=0.79555067675530777
variance_pentanomial=0.07852833894500572
variance_ratio=0.9665443557090448
