name='5bf29a190ebc5902bbbddf64'
all={(0, 1): 775, (1, 2): 759, (0, 0): 166, (2, 1): 1295, (1, 1): 4351, (2, 0): 563, (2, 2): 154, (1, 0): 1274, (0, 2): 250}
white=[1191, 6384, 2012]
black=[2003, 6421, 1163]
N2=9587
chi2=193.28870634131195
p_chi2=0.0
trinomial=[3194, 12805, 3175]
pentanomial=[166, 2049, 5164, 2054, 154]
ldw=[0.16657974340252424, 0.667831438406175, 0.16558881819130072]
ldw_white=[0.12423072911233962, 0.6659017419422134, 0.20986752894544697]
ldw_black=[0.20892875769270888, 0.6697611348701367, 0.12131010743715448]
ldw_pentanomial=[0.017315114217169084, 0.2137269218733702, 0.5386460832377178, 0.21424846145822468, 0.016063419213518306]
score=0.4995045373943882
score_white=0.5428183999165537
score_black=0.4561906748722228
elo=-0.34428279365815156
elo_white=29.826326894235795
elo_black=-30.520098806214687
variance=0.0830418949152627
variance_white=0.08169114914303277
variance_black=0.08064045931431454
covariance=-0.0109801055632677
correlation=-0.13528277912564018
p_correlation=0.0
variance_pentanomial=0.07018569866540603
variance_ratio=0.8451842137878074
