name='5bf3ae390ebc5902bcecc719'
all={(0, 1): 360, (1, 2): 326, (0, 0): 76, (2, 1): 487, (1, 1): 1806, (2, 0): 265, (2, 2): 70, (1, 0): 527, (0, 2): 92}
white=[528, 2659, 822]
black=[868, 2653, 488]
N2=4009
chi2=88.03879024333907
p_chi2=0.0
trinomial=[1396, 5312, 1310]
pentanomial=[76, 887, 2163, 813, 70]
ldw=[0.17410825642304814, 0.6625093539536044, 0.16338238962334747]
ldw_white=[0.13170366674981293, 0.6632576702419556, 0.20503866300823148]
ldw_black=[0.21651284609628335, 0.6617610376652532, 0.12172611623846345]
ldw_pentanomial=[0.018957345971563982, 0.22125218258917437, 0.5395360439012222, 0.20279371414317784, 0.017460713394861563]
score=0.4946370666001497
score_white=0.5366674981292092
score_black=0.45260663507109006
elo=-3.7266907275835406
elo_white=25.525011194384515
elo_black=-33.031445057766675
variance=0.08434390045694762
variance_white=0.08284107702045557
variance_black=0.08231360954440187
covariance=-0.011420098616974322
correlation=-0.1382964915948438
p_correlation=0.0
variance_pentanomial=0.07115724466545426
variance_ratio=0.8436560827747782
