name='5bf3322e0ebc5902bcecbf0e'
all={(0, 1): 1858, (1, 2): 1898, (0, 0): 321, (2, 1): 2897, (1, 1): 11121, (2, 0): 1757, (2, 2): 365, (1, 0): 2922, (0, 2): 673}
white=[2852, 15941, 5019]
black=[5000, 15876, 2936]
N2=23812
chi2=1136.317080881585
p_chi2=0.0
trinomial=[7852, 31817, 7955]
pentanomial=[321, 4780, 13551, 4795, 365]
ldw=[0.1648748530152864, 0.6680875188980346, 0.167037628086679]
ldw_white=[0.11977154375944901, 0.6694523769527969, 0.21077607928775408]
ldw_black=[0.2099781622711238, 0.6667226608432723, 0.12329917688560389]
ldw_pentanomial=[0.013480598017806149, 0.20073912313119435, 0.5690828153871997, 0.20136905761800772, 0.015328405845792037]
score=0.5010813875356963
score_white=0.5455022677641526
score_black=0.45666050730724
elo=0.7514261949071755
elo_white=31.705935909338812
elo_black=-30.191127255511066
variance=0.08297695087648899
variance_white=0.08056644939012009
variance_black=0.08144102316231616
covariance=-0.01633805054877349
correlation=-0.20169796318888783
p_correlation=0.0
variance_pentanomial=0.06466568572744458
variance_ratio=0.7793210649991141
