name='5bf39ef40ebc5902bcecc679'
all={(0, 1): 803, (1, 2): 847, (0, 0): 162, (2, 1): 1229, (1, 1): 4404, (2, 0): 552, (2, 2): 159, (1, 0): 1237, (0, 2): 242}
white=[1207, 6488, 1940]
black=[1951, 6436, 1248]
N2=9635
chi2=182.23895255439353
p_chi2=0.0
trinomial=[3158, 12924, 3188]
pentanomial=[162, 2040, 5198, 2076, 159]
ldw=[0.1638816813700052, 0.6706798131811106, 0.16543850544888428]
ldw_white=[0.12527244421380385, 0.6733783082511676, 0.20134924753502853]
ldw_black=[0.20249091852620654, 0.6679813181110534, 0.12952776336274002]
ldw_pentanomial=[0.016813700051894136, 0.21172807472755578, 0.5394914374675661, 0.2154644525168656, 0.01650233523611832]
score=0.5007784120394396
score_white=0.5380384016606123
score_black=0.46351842241826674
elo=0.5408965223919054
elo_white=26.482959432005746
elo_black=-25.39512537290871
variance=0.08232944077941917
variance_white=0.08020850293631399
variance_black=0.08167376496938461
covariance=-0.010885262253896688
correlation=-0.13448919792985792
p_correlation=0.0
variance_pentanomial=0.07005587169895233
variance_ratio=0.8509212626215845
