name='5bf337980ebc5902bcecbf62'
all={(0, 1): 522, (1, 2): 559, (0, 0): 115, (2, 1): 864, (1, 1): 2874, (2, 0): 372, (2, 2): 131, (1, 0): 833, (0, 2): 158}
white=[795, 4266, 1367]
black=[1320, 4260, 848]
N2=6428
chi2=89.25304350920278
p_chi2=0.0
trinomial=[2115, 8526, 2215]
pentanomial=[115, 1355, 3404, 1423, 131]
ldw=[0.16451462352209084, 0.6631922837585563, 0.17229309271935284]
ldw_white=[0.12367766023646547, 0.663658991910392, 0.2126633478531425]
ldw_black=[0.20535158680771623, 0.6627255756067206, 0.13192283758556317]
ldw_pentanomial=[0.01789047915370255, 0.21079651524579962, 0.5295581829495956, 0.2213752333540759, 0.020379589296826383]
score=0.503889234598631
score_white=0.5444928438083385
score_black=0.4632856253889235
elo=2.702571506887084
elo_white=30.99878878556856
elo_black=-25.557760662846658
variance=0.08418680291459774
variance_white=0.08210563887224881
variance_black=0.0829706607952374
covariance=-0.009411899325020567
correlation=-0.1140324633800306
p_correlation=0.0
variance_pentanomial=0.07312625050872246
variance_ratio=0.8686189281104365
