name='5bf4fa6c0ebc5902bcece346'
all={(0, 1): 849, (1, 2): 825, (0, 0): 152, (2, 1): 1266, (1, 1): 4416, (2, 0): 603, (2, 2): 164, (1, 0): 1276, (0, 2): 269}
white=[1270, 6517, 2033]
black=[2031, 6531, 1258]
N2=9820
chi2=242.0270484561658
p_chi2=0.0
trinomial=[3301, 13048, 3291]
pentanomial=[152, 2125, 5288, 2091, 164]
ldw=[0.1680753564154786, 0.6643584521384929, 0.16756619144602852]
ldw_white=[0.12932790224032586, 0.6636456211812627, 0.20702647657841142]
ldw_black=[0.20682281059063137, 0.665071283095723, 0.12810590631364563]
ldw_pentanomial=[0.015478615071283095, 0.21639511201629327, 0.5384928716904277, 0.21293279022403258, 0.01670061099796334]
score=0.49974541751527496
score_white=0.5388492871690428
score_black=0.46064154786150713
elo=-0.17690204457571962
elo_white=27.04977135351908
elo_black=-27.40575278642478
variance=0.08391032215313526
variance_white=0.08257932759114156
variance_black=0.08218309147133121
covariance=-0.012625738341055515
correlation=-0.1532603724031869
p_correlation=0.0
variance_pentanomial=0.06975547119018088
variance_ratio=0.8313097769172908
