name='5bf4f7ac0ebc5902bcece2d1'
all={(0, 1): 982, (1, 2): 942, (0, 0): 206, (2, 1): 1495, (1, 1): 5391, (2, 0): 726, (2, 2): 206, (1, 0): 1506, (0, 2): 283}
white=[1471, 7839, 2427]
black=[2438, 7868, 1431]
N2=11737
chi2=240.92708288746147
p_chi2=0.0
trinomial=[3909, 15707, 3858]
pentanomial=[206, 2488, 6400, 2437, 206]
ldw=[0.16652466558745846, 0.6691232853369685, 0.16435204907557296]
ldw_white=[0.12533015250915908, 0.6678878759478573, 0.20678197154298372]
ldw_black=[0.20771917866575787, 0.6703586947260799, 0.12192212660816222]
ldw_pentanomial=[0.017551333390133764, 0.21197921104200393, 0.5452841441594957, 0.20763397801823294, 0.017551333390133764]
score=0.4989136917440572
score_white=0.5407259095169124
score_black=0.45710147397120215
elo=-0.7548454776141439
elo_white=28.36209360441325
elo_black=-29.8824163308496
variance=0.08271799860013096
variance_white=0.08136943130705593
variance_black=0.08057004278303662
covariance=-0.010969115153636771
correlation=-0.13547343984515067
p_correlation=0.0
variance_pentanomial=0.07000062189140965
variance_ratio=0.8462562329366952
