name='5bf452710ebc5902bcecd36c'
all={(0, 1): 1610, (1, 2): 1530, (0, 0): 310, (2, 1): 2454, (1, 1): 8407, (2, 0): 1115, (2, 2): 327, (1, 0): 2372, (0, 2): 483}
white=[2403, 12309, 3896]
black=[3797, 12471, 2340]
N2=18608
chi2=377.9560595880112
p_chi2=0.0
trinomial=[6200, 24780, 6236]
pentanomial=[310, 3982, 10005, 3984, 327]
ldw=[0.16659501289767842, 0.6658426483233018, 0.16756233877901977]
ldw_white=[0.12913800515907137, 0.6614896818572656, 0.20937231298366293]
ldw_black=[0.20405202063628547, 0.6701956147893379, 0.1257523645743766]
ldw_pentanomial=[0.016659501289767842, 0.21399398108340498, 0.5376719690455718, 0.21410146173688735, 0.017573086844368015]
score=0.5004836629406706
score_white=0.5401171539122958
score_black=0.46085017196904554
elo=0.3360835388015884
elo_white=27.936304039909135
elo_black=-27.259886854369068
variance=0.08353910398933445
variance_white=0.08301819349766071
variance_black=0.08091838726781225
covariance=-0.011340533822812332
correlation=-0.13836404488695958
p_correlation=0.0
variance_pentanomial=0.07062775655992437
variance_ratio=0.8454454643054529
