name='5bf446f80ebc5902bcecd242'
all={(0, 1): 784, (1, 2): 768, (0, 0): 181, (2, 1): 1156, (1, 1): 4121, (2, 0): 541, (2, 2): 141, (1, 0): 1142, (0, 2): 237}
white=[1202, 6031, 1838]
black=[1864, 6061, 1146]
N2=9071
chi2=186.25580796218804
p_chi2=0.0
trinomial=[3066, 12092, 2984]
pentanomial=[181, 1926, 4899, 1924, 141]
ldw=[0.16900011024142872, 0.6665196780950281, 0.16448021166354315]
ldw_white=[0.13251019733215744, 0.6648660566640944, 0.20262374600374822]
ldw_black=[0.20549002315070003, 0.6681732995259618, 0.12633667732333811]
ldw_pentanomial=[0.019953698599933855, 0.21232499173189284, 0.5400727593429611, 0.21210450887443502, 0.015544041450777202]
score=0.4977400507110572
score_white=0.5350567743357955
score_black=0.46042332708631906
elo=-1.5703843030152578
elo_white=24.399977079591206
elo_black=-27.558338840671766
variance=0.08336497310545435
variance_white=0.08255450840714545
variance_black=0.08139036207959302
covariance=-0.011180092383800022
correlation=-0.13639187639348016
p_correlation=0.0
variance_pentanomial=0.07079234285956931
variance_ratio=0.8491856978112257
