name='5bf4085d0ebc5902bcecccb6'
all={(0, 1): 472, (1, 2): 455, (0, 0): 114, (2, 1): 690, (1, 1): 2350, (2, 0): 309, (2, 2): 106, (1, 0): 729, (0, 2): 134}
white=[720, 3534, 1105]
black=[1152, 3512, 695]
N2=5359
chi2=63.00178302374579
p_chi2=6.780132011385831e-13
trinomial=[1872, 7046, 1800]
pentanomial=[114, 1201, 2793, 1145, 106]
ldw=[0.17465945139018474, 0.6573987684269453, 0.16794178018286993]
ldw_white=[0.13435342414629595, 0.659451390184736, 0.20619518566896808]
ldw_black=[0.21496547863407353, 0.6553461466691547, 0.12968837469677177]
ldw_pentanomial=[0.021272625489830194, 0.2241089755551409, 0.5211793245008397, 0.21365926478820677, 0.01977980966598246]
score=0.4966411643963426
score_white=0.535920880761336
score_black=0.45736144803134915
elo=-2.3339931384698804
elo_white=25.00346012013067
elo_black=-29.700436373968916
variance=0.08563902611665128
variance_white=0.08384684277914589
variance_black=0.08434541721872796
covariance=-0.00887144593133693
correlation=-0.10549218981974619
p_correlation=9.7699626167013776e-15
variance_pentanomial=0.07522468406760013
variance_ratio=0.8783925679530091
