name='5bf4afff0ebc5902bcecdaa7'
all={(0, 1): 437, (1, 2): 443, (0, 0): 103, (2, 1): 620, (1, 1): 2303, (2, 0): 298, (2, 2): 91, (1, 0): 669, (0, 2): 130}
white=[670, 3415, 1009]
black=[1070, 3360, 664]
N2=5094
chi2=85.95745406156463
p_chi2=0.0
trinomial=[1740, 6775, 1673]
pentanomial=[103, 1106, 2731, 1063, 91]
ldw=[0.1707891637220259, 0.6649980369061641, 0.16421279937180996]
ldw_white=[0.13152728700431882, 0.6703965449548488, 0.19807616804083236]
ldw_black=[0.21005104043973302, 0.6595995288574794, 0.1303494307027876]
ldw_pentanomial=[0.02021986650961916, 0.2171181782489203, 0.5361209265802905, 0.20867687475461327, 0.017864153906556733]
score=0.49671181782489204
score_white=0.5332744405182568
score_black=0.4601491951315273
elo=-2.2848959384996066
elo_white=23.155673504115267
elo_black=-27.750034593683854
variance=0.08373967863144227
variance_white=0.08129367536948473
variance_black=0.08351203113696506
covariance=-0.01015808570372867
correlation=-0.12328463960789278
p_correlation=0.0
variance_pentanomial=0.07224476754949616
variance_ratio=0.8627304132305322
