name='5bf48a480ebc5902bcecd787'
all={(0, 1): 292, (1, 2): 274, (0, 0): 68, (2, 1): 427, (1, 1): 1512, (2, 0): 203, (2, 2): 60, (1, 0): 471, (0, 2): 90}
white=[450, 2257, 690]
black=[742, 2231, 424]
N2=3397
chi2=59.11702688629357
p_chi2=4.446665258228677e-12
trinomial=[1192, 4488, 1114]
pentanomial=[68, 763, 1805, 701, 60]
ldw=[0.17544892552251987, 0.6605828672357963, 0.16396820724168384]
ldw_white=[0.13246982631733883, 0.6644097733294083, 0.20312040035325288]
ldw_black=[0.21842802472770093, 0.6567559611421843, 0.12481601413011481]
ldw_pentanomial=[0.020017662643508977, 0.22460994995584338, 0.5313511922284369, 0.20635855166323228, 0.01766264350897851]
score=0.49425964085958196
score_white=0.535325287017957
score_black=0.4531939947012069
elo=-3.988985342869916
elo_white=24.587487664997806
elo_black=-32.619651677358405
variance=0.08482133146798995
variance_white=0.08264968076474694
variance_black=0.08362020758242333
covariance=-0.010489631841078845
correlation=-0.12617811495844786
p_correlation=1.5720758028692217e-13
variance_pentanomial=0.07264531233250632
variance_ratio=0.8564509784890768
