name='5bf555160ebc5902bcecec6c'
all={(0, 1): 2011, (1, 2): 2088, (0, 0): 447, (2, 1): 3111, (1, 1): 11213, (2, 0): 1532, (2, 2): 447, (1, 0): 3100, (0, 2): 608}
white=[3066, 16401, 5090]
black=[5079, 16335, 3143]
N2=24557
chi2=512.3653913577589
p_chi2=0.0
trinomial=[8145, 32736, 8233]
pentanomial=[447, 5111, 13353, 5199, 447]
ldw=[0.16583866107423545, 0.6665309280449566, 0.1676304108808079]
ldw_white=[0.12485238424889034, 0.6678747403998859, 0.20727287535122368]
ldw_black=[0.20682493789958056, 0.6651871156900273, 0.12798794641039216]
ldw_pentanomial=[0.018202549171315714, 0.2081280286679969, 0.5437553447082298, 0.21171152828114184, 0.018202549171315714]
score=0.5008958749032862
score_white=0.5412102455511667
score_black=0.4605815042554058
elo=0.6225183093278953
elo_white=28.70091949791453
elo_black=-27.447735896461822
variance=0.0833664653969185
variance_white=0.08133303056164098
variance_black=0.08214940327072659
covariance=-0.011060328309910439
correlation=-0.13531076037854106
p_correlation=0.0
variance_pentanomial=0.0706808886062733
variance_ratio=0.847833577563262
