name='5bf6ea300ebc5902bced10eb'
all={(0, 1): 325, (1, 2): 296, (0, 0): 76, (2, 1): 464, (1, 1): 1769, (2, 0): 236, (2, 2): 58, (1, 0): 485, (0, 2): 98}
white=[499, 2550, 758]
black=[797, 2558, 452]
N2=3807
chi2=92.92081195124767
p_chi2=0.0
trinomial=[1296, 5108, 1210]
pentanomial=[76, 810, 2103, 760, 58]
ldw=[0.1702127659574468, 0.670869451011295, 0.1589177830312582]
ldw_white=[0.13107433674809563, 0.6698187549251379, 0.19910690832676647]
ldw_black=[0.209351195166798, 0.6719201470974521, 0.11872865773574993]
ldw_pentanomial=[0.0199632256369845, 0.2127659574468085, 0.5524034672970843, 0.19963225636984502, 0.015235093249277647]
score=0.4943525085369057
score_white=0.5340162857893354
score_black=0.45468873128447596
elo=-3.924445901312541
elo_white=23.67350525693235
elo_black=-31.572112520410567
variance=0.0822507430873505
variance_white=0.0813882035698138
variance_black=0.07996685215302654
covariance=-0.0115923800108588
correlation=-0.14369341877326852
p_correlation=0.0
variance_pentanomial=0.06908514785056125
variance_ratio=0.8399334189259864
