name='5bf6a30d0ebc5902bced0a8a'
all={(0, 1): 1300, (1, 2): 1299, (0, 0): 287, (2, 1): 2076, (1, 1): 7369, (2, 0): 1001, (2, 2): 295, (1, 0): 2083, (0, 2): 379}
white=[1966, 10751, 3372]
black=[3371, 10745, 1973]
N2=16089
chi2=305.39115095843226
p_chi2=0.0
trinomial=[5337, 21496, 5345]
pentanomial=[287, 3383, 8749, 3375, 295]
ldw=[0.16585866119709117, 0.668034060538256, 0.16610727826465288]
ldw_white=[0.1221952887065697, 0.6682205233389272, 0.20958418795450307]
ldw_black=[0.20952203368761266, 0.6678475977375847, 0.12263036857480265]
ldw_pentanomial=[0.01783827459755112, 0.2102678848902977, 0.5437876810243023, 0.20977065075517434, 0.018335508732674498]
score=0.5001243085337809
score_white=0.5436944496239666
score_black=0.456554167443595
elo=0.08637841821893252
elo_white=30.439659211205303
elo_black=-30.265580520490722
variance=0.08299146941282443
variance_white=0.08103566423732689
variance_black=0.08115056019908468
covariance=-0.010501434502632023
correlation=-0.1294985091889765
p_correlation=0.0
variance_pentanomial=0.07059167771557362
variance_ratio=0.8505895631806382
