name='5bf7a0990ebc5902bced1e2c'
all={(0, 1): 936, (1, 2): 940, (0, 0): 241, (2, 1): 1617, (1, 1): 5492, (2, 0): 748, (2, 2): 212, (1, 0): 1509, (0, 2): 301}
white=[1478, 7941, 2577]
black=[2498, 8045, 1453]
N2=11996
chi2=241.5625824038362
p_chi2=0.0
trinomial=[3976, 15986, 4030]
pentanomial=[241, 2445, 6541, 2557, 212]
ldw=[0.16572190730243413, 0.6663054351450484, 0.1679726575525175]
ldw_white=[0.12320773591197065, 0.6619706568856285, 0.2148216072024008]
ldw_black=[0.20823607869289762, 0.6706402134044681, 0.12112370790263421]
ldw_pentanomial=[0.020090030010003333, 0.20381793931310438, 0.5452650883627876, 0.21315438479493165, 0.017672557519173057]
score=0.5011253751250417
score_white=0.5458069356452151
score_black=0.45644381460486827
elo=0.7819920514964295
elo_white=31.919420745663874
elo_black=-30.34284637950522
variance=0.08342237474456576
variance_white=0.08240906042538793
variance_black=0.08044280536270793
covariance=-0.010425631554299375
correlation=-0.12804755419559066
p_correlation=0.0
variance_pentanomial=0.07100030133974844
variance_ratio=0.8510942245068789
