name='5bf727df0ebc5902bced1909'
all={(0, 1): 1445, (1, 2): 1481, (0, 0): 325, (2, 1): 2211, (1, 1): 7762, (2, 0): 1059, (2, 2): 348, (1, 0): 2311, (0, 2): 420}
white=[2190, 11554, 3618]
black=[3695, 11418, 2249]
N2=17362
chi2=272.26596432528083
p_chi2=0.0
trinomial=[5885, 22972, 5867]
pentanomial=[325, 3756, 9241, 3692, 348]
ldw=[0.16947932265867988, 0.6615597281419191, 0.168960949199401]
ldw_white=[0.126137541757862, 0.6654763276120262, 0.20838613063011174]
ldw_black=[0.21282110355949777, 0.657643128671812, 0.12953576776869025]
ldw_pentanomial=[0.018719041585070845, 0.21633452367238798, 0.5322543485773529, 0.2126483124064048, 0.02004377375878355]
score=0.4997408132703606
score_white=0.5411242944361249
score_black=0.4583573321045962
elo=-0.18010140247565654
elo_white=28.640786908390883
elo_black=-29.00347425701291
variance=0.08461000078675937
variance_white=0.0819397105041243
variance_black=0.08385510604260016
covariance=-0.00989328044710755
correlation=-0.11935162913116878
p_correlation=0.0
variance_pentanomial=0.0730041278262547
variance_ratio=0.862830955530249
