name='5bf76c180ebc5902bced1ca8'
all={(0, 1): 2527, (1, 2): 2455, (0, 0): 614, (2, 1): 3600, (1, 1): 11479, (2, 0): 1788, (2, 2): 605, (1, 0): 3730, (0, 2): 753}
white=[3894, 17664, 5993]
black=[6132, 17606, 3813]
N2=27551
chi2=402.03811209602924
p_chi2=0.0
trinomial=[10026, 35270, 9806]
pentanomial=[614, 6257, 14020, 6055, 605]
ldw=[0.18195346811368007, 0.6400856593227106, 0.17796087256360932]
ldw_white=[0.14133788247250553, 0.641138252695002, 0.21752386483249248]
ldw_black=[0.22256905375485464, 0.6390330659504192, 0.13839788029472613]
ldw_pentanomial=[0.022285942434031432, 0.22710609415266234, 0.5088744510181119, 0.2197742368698051, 0.021959275525389278]
score=0.4980037022249646
score_white=0.5380929911799934
score_black=0.45791441326993576
elo=-1.3871771436384899
elo_white=26.521113254437875
elo_black=-29.31341864772024
variance=0.08997459996451573
variance_white=0.08826436084921047
variance_black=0.08847053690198142
covariance=-0.010392768927690366
correlation=-0.11760864585079746
p_correlation=0.0
variance_pentanomial=0.07797467994790563
variance_ratio=0.8666299153167378
