name='5bf8c6370ebc5902bced367c'
all={(0, 1): 2137, (1, 2): 2168, (0, 0): 414, (2, 1): 3307, (1, 1): 11820, (2, 0): 1560, (2, 2): 432, (1, 0): 3149, (0, 2): 581}
white=[3132, 17137, 5299]
black=[5123, 17264, 3181]
N2=25568
chi2=529.1012637933505
p_chi2=0.0
trinomial=[8255, 34401, 8480]
pentanomial=[414, 5286, 13961, 5475, 432]
ldw=[0.16143225907384232, 0.672735450563204, 0.1658322903629537]
ldw_white=[0.12249687108886108, 0.6702518773466833, 0.20725125156445556]
ldw_black=[0.20036764705882354, 0.6752190237797246, 0.12441332916145181]
ldw_pentanomial=[0.016192115143929913, 0.20674280350438048, 0.5460341051314143, 0.21413485607008761, 0.016896120150187734]
score=0.5022000156445557
score_white=0.5423771902377972
score_black=0.46202284105131414
elo=1.5287373128929005
elo_white=29.517501443211543
elo_black=-26.440156304885562
variance=0.08181129729036268
variance_white=0.08064120441087874
variance_black=0.07975297945325507
covariance=-0.011052946975872141
correlation=-0.13782440476131236
p_correlation=0.0
variance_pentanomial=0.0691441449561947
variance_ratio=0.8451662208801062
