name='5bf816e90ebc5902bced24f1'
all={(0, 1): 643, (1, 2): 716, (0, 0): 149, (2, 1): 1117, (1, 1): 3703, (2, 0): 486, (2, 2): 177, (1, 0): 1051, (0, 2): 206}
white=[998, 5470, 1780]
black=[1686, 5463, 1099]
N2=8248
chi2=120.9719693835547
p_chi2=0.0
trinomial=[2684, 10933, 2879]
pentanomial=[149, 1694, 4395, 1833, 177]
ldw=[0.16270611057225995, 0.662766731328807, 0.17452715809893307]
ldw_white=[0.12099903006789525, 0.6631910766246363, 0.21580989330746847]
ldw_black=[0.20441319107662465, 0.6623423860329777, 0.13324442289039767]
ldw_pentanomial=[0.01806498545101843, 0.2053831231813773, 0.5328564500484966, 0.2222356935014549, 0.021459747817652763]
score=0.5059105237633366
score_white=0.5474054316197866
score_black=0.4644156159068865
elo=4.107243887588035
elo_white=33.03990588928802
elo_black=-24.768436601243046
variance=0.08427338287664132
variance_white=0.08195495589678264
variance_black=0.08314815510046933
covariance=-0.009406705361250323
correlation=-0.1139524381769159
p_correlation=0.0
variance_pentanomial=0.0731448501373756
variance_ratio=0.8679472407609935
