name='5bf8a4f10ebc5902bced34c1'
all={(0, 1): 1189, (1, 2): 1202, (0, 0): 269, (2, 1): 1685, (1, 1): 5550, (2, 0): 864, (2, 2): 265, (1, 0): 1740, (0, 2): 396}
white=[1854, 8492, 2814]
black=[2873, 8424, 1863]
N2=13160
chi2=276.4941996093645
p_chi2=0.0
trinomial=[4727, 16916, 4677]
pentanomial=[269, 2929, 6810, 2887, 265]
ldw=[0.17959726443768997, 0.6427051671732523, 0.17769756838905776]
ldw_white=[0.14088145896656534, 0.6452887537993921, 0.21382978723404256]
ldw_black=[0.21831306990881458, 0.6401215805471124, 0.14156534954407296]
ldw_pentanomial=[0.020440729483282676, 0.22256838905775075, 0.5174772036474165, 0.21937689969604862, 0.02013677811550152]
score=0.4990501519756839
score_white=0.5364741641337386
score_black=0.4616261398176292
elo=-0.6600228029456287
elo_white=25.389946416414677
elo_black=-26.717428925251735
variance=0.08932280599541759
variance_white=0.08734744690089707
variance_black=0.08849705171792571
covariance=-0.012392138838333011
correlation=-0.14094730022550184
p_correlation=0.0
variance_pentanomial=0.07553011047107838
variance_ratio=0.8455859579126209
