name='5bf937180ebc5902bced3fdc'
all={(0, 1): 1504, (1, 2): 1519, (0, 0): 207, (2, 1): 2081, (1, 1): 12404, (2, 0): 2776, (2, 2): 214, (1, 0): 2051, (0, 2): 1369}
white=[3080, 15974, 5071]
black=[5034, 15989, 3102]
N2=24125
chi2=7342.232355638679
p_chi2=0.0
trinomial=[8114, 31963, 8173]
pentanomial=[207, 3555, 16549, 3600, 214]
ldw=[0.1681658031088083, 0.6624455958549222, 0.16938860103626943]
ldw_white=[0.12766839378238343, 0.6621347150259067, 0.21019689119170984]
ldw_black=[0.20866321243523317, 0.6627564766839378, 0.12858031088082902]
ldw_pentanomial=[0.008580310880829016, 0.14735751295336788, 0.6859689119170984, 0.14922279792746113, 0.008870466321243524]
score=0.5006113989637305
score_white=0.5412642487046632
score_black=0.4599585492227979
elo=0.42484372565037376
elo_white=28.738701728791412
elo_black=-27.883359926463665
variance=0.0843882272275766
variance_white=0.08276358302236309
variance_black=0.08270756304867252
covariance=-0.03693839319176351
correlation=-0.44646327998178303
p_correlation=0.0
variance_pentanomial=0.0457971798437542
variance_ratio=0.5426963137908942
