name='5bf994a60ebc5902bced4349'
all={(0, 1): 2006, (1, 2): 1882, (0, 0): 424, (2, 1): 2954, (1, 1): 10501, (2, 0): 1428, (2, 2): 430, (1, 0): 2873, (0, 2): 535}
white=[2965, 15256, 4812]
black=[4725, 15461, 2847]
N2=23033
chi2=427.2271987476408
p_chi2=0.0
trinomial=[7690, 30717, 7659]
pentanomial=[424, 4879, 12464, 4836, 430]
ldw=[0.16693439847175792, 0.6668041505665784, 0.1662614509616637]
ldw_white=[0.1287283462857639, 0.6623540138062779, 0.20891763990795814]
ldw_black=[0.2051404506577519, 0.6712542873268789, 0.12360526201536925]
ldw_pentanomial=[0.018408370598706203, 0.21182650979030088, 0.5411366300525333, 0.20995962314939434, 0.018668866409065253]
score=0.4996635262449529
score_white=0.5400946468110971
score_black=0.4592324056788087
elo=-0.23380594748919822
elo_white=27.920563228816118
elo_black=-28.391252825153934
variance=0.08329884914376753
variance_white=0.08280391584552388
variance_black=0.08052443142154309
covariance=-0.01040251494136149
correlation=-0.12739403021996476
p_correlation=0.0
variance_pentanomial=0.07126165869217188
variance_ratio=0.8554939164787214
