name='5bfab4530ebc5902bced5370'
all={(0, 1): 444, (1, 2): 386, (0, 0): 74, (2, 1): 558, (1, 1): 2071, (2, 0): 287, (2, 2): 90, (1, 0): 612, (0, 2): 121}
white=[639, 3069, 935]
black=[973, 3073, 597]
N2=4643
chi2=104.58173347915371
p_chi2=0.0
trinomial=[1612, 6142, 1532]
pentanomial=[74, 1056, 2479, 944, 90]
ldw=[0.17359465862588844, 0.6614258022830066, 0.16497953909110488]
ldw_white=[0.13762653456816715, 0.6609950463062675, 0.20137841912556537]
ldw_black=[0.20956278268360973, 0.6618565582597459, 0.1285806590566444]
ldw_pentanomial=[0.01593797113934956, 0.2274391557182856, 0.5339220331682102, 0.20331682102089166, 0.019384018953262975]
score=0.49569244023260817
score_white=0.5318759422786992
score_black=0.45950893818651734
elo=-2.993273155242346
elo_white=22.17975438828449
elo_black=-28.19782112909795
variance=0.0846249943580987
variance_white=0.0837351627272781
variance_black=0.08289633434828023
covariance=-0.01184736654137511
correlation=-0.1422002066485521
p_correlation=0.0
variance_pentanomial=0.07146838199640432
variance_ratio=0.8445304196296791
