name='5bfafd3c0ebc5902bced59a1'
all={(0, 1): 1156, (1, 2): 1186, (0, 0): 228, (2, 1): 1770, (1, 1): 6463, (2, 0): 850, (2, 2): 235, (1, 0): 1839, (0, 2): 317}
white=[1701, 9488, 2855]
black=[2917, 9389, 1738]
N2=14044
chi2=270.8979925064884
p_chi2=0.0
trinomial=[4618, 18877, 4593]
pentanomial=[228, 2995, 7630, 2956, 235]
ldw=[0.1644118484762176, 0.6720663628595842, 0.16352178866419823]
ldw_white=[0.12111933921959556, 0.6755909997151809, 0.2032896610652236]
ldw_black=[0.20770435773283966, 0.6685417260039874, 0.12375391626317289]
ldw_pentanomial=[0.016234690971233267, 0.2132583309598405, 0.5432925092566221, 0.21048134434634008, 0.016733124465964113]
score=0.4995549700939903
score_white=0.541085160922814
score_black=0.4580247792651666
elo=-0.3092385335993932
elo_white=28.6134091283154
elo_black=-29.236182733133784
variance=0.0819832112334867
variance_white=0.0794142596231513
variance_black=0.08110264934326517
covariance=-0.010807483454571387
correlation=-0.13466595428826425
p_correlation=0.0
variance_pentanomial=0.06945097102863679
variance_ratio=0.8471365049466247
