name='5bfa477f0ebc5902bced4db3'
all={(0, 1): 1610, (1, 2): 1714, (0, 0): 319, (2, 1): 2496, (1, 1): 8482, (2, 0): 1213, (2, 2): 322, (1, 0): 2474, (0, 2): 485}
white=[2414, 12670, 4031]
black=[4006, 12588, 2521]
N2=19115
chi2=424.9205550615964
p_chi2=0.0
trinomial=[6420, 25258, 6552]
pentanomial=[319, 4084, 10180, 4210, 322]
ldw=[0.16793094428459326, 0.6606853256604761, 0.17138373005493068]
ldw_white=[0.12628825529688725, 0.6628302380329584, 0.21088150667015432]
ldw_black=[0.20957363327229925, 0.6585404132879937, 0.13188595343970705]
ldw_pentanomial=[0.01668846455663092, 0.21365419827360713, 0.5325660476065917, 0.22024588019879676, 0.01684540936437353]
score=0.5017263928851687
score_white=0.5422966256866335
score_black=0.4611561600837039
elo=1.1996254130197344
elo_white=29.461115189079464
elo_black=-27.045963227932514
variance=0.08482568815248703
variance_white=0.08250343594728526
variance_black=0.08385605277855873
covariance=-0.012181258458157151
correlation=-0.14644985039460562
p_correlation=0.0
variance_pentanomial=0.07099848590476476
variance_ratio=0.8369927489080221
