name='5bfb5c730ebc5902bced6313'
all={(0, 1): 398, (1, 2): 377, (0, 0): 111, (2, 1): 630, (1, 1): 2211, (2, 0): 261, (2, 2): 75, (1, 0): 620, (0, 2): 128}
white=[637, 3208, 966]
black=[992, 3239, 580]
N2=4811
chi2=78.15560822654196
p_chi2=4.4408920985006262e-16
trinomial=[1629, 6447, 1546]
pentanomial=[111, 1018, 2600, 1007, 75]
ldw=[0.1692995219289129, 0.6700270214092704, 0.16067345666181668]
ldw_white=[0.13240490542506755, 0.6668052379962586, 0.20078985657867388]
ldw_black=[0.20619413843275827, 0.6732488048222822, 0.12055705674495946]
ldw_pentanomial=[0.02307212637705259, 0.21159842028684264, 0.540428185408439, 0.20931199334857617, 0.015589274579089585]
score=0.4956869673664519
score_white=0.5341924755768032
score_black=0.4571814591561006
elo=-2.9970763747920905
elo_white=23.796506718493323
elo_black=-29.826425544052277
variance=0.08247464239718433
variance_white=0.08212956511486508
variance_black=0.07985437135442877
covariance=-0.009084670553144547
correlation=-0.11217861494121166
p_correlation=5.9952043329758453e-15
variance_pentanomial=0.07190729768150228
variance_ratio=0.8718715909698468
