name='5bfce72e0ebc5902bced8967'
all={(0, 1): 487, (1, 2): 473, (0, 0): 95, (2, 1): 751, (1, 1): 2659, (2, 0): 356, (2, 2): 101, (1, 0): 758, (0, 2): 131}
white=[713, 3890, 1208]
black=[1209, 3897, 705]
N2=5811
chi2=108.52857903707438
p_chi2=0.0
trinomial=[1922, 7787, 1913]
pentanomial=[95, 1245, 3146, 1224, 101]
ldw=[0.1653760110135949, 0.6700223713646533, 0.16460161762175185]
ldw_white=[0.12269833075202202, 0.6694200653932197, 0.2078816038547582]
ldw_black=[0.2080536912751678, 0.6706246773360868, 0.12132163138874548]
ldw_pentanomial=[0.016348304938908965, 0.21424883840991224, 0.5413870246085011, 0.2106350025813113, 0.017380829461366373]
score=0.4996128033040785
score_white=0.5425916365513681
score_black=0.45663397005678885
elo=-0.2690518753019762
elo_white=29.6675976564766
elo_black=-30.209706904785605
variance=0.08249425723755532
variance_white=0.0808309361475712
variance_black=0.08046321811294285
covariance=-0.010672329648779066
correlation=-0.1323340877716564
p_correlation=0.0
variance_pentanomial=0.06997474748147792
variance_ratio=0.8482378025415092
