name='5bfd74700ebc5902bced9618'
all={(0, 1): 3210, (1, 2): 3296, (0, 0): 740, (2, 1): 5044, (1, 1): 17914, (2, 0): 2264, (2, 2): 726, (1, 0): 5029, (0, 2): 979}
white=[4929, 26239, 8034]
black=[8033, 26168, 5001]
N2=39202
chi2=639.4669534095299
p_chi2=0.0
trinomial=[12962, 52407, 13035]
pentanomial=[740, 8239, 21157, 8340, 726]
ldw=[0.1653231977960308, 0.6684225294627825, 0.16625427274118668]
ldw_white=[0.12573338094995154, 0.6693280955053313, 0.20493852354471712]
ldw_black=[0.2049130146421101, 0.6675169634202337, 0.12757002193765624]
ldw_pentanomial=[0.018876587929187286, 0.21016784857915413, 0.5396918524565073, 0.21274424774246212, 0.018519463292689147]
score=0.5004655374725779
score_white=0.5396025712973828
score_black=0.4613285036477731
elo=0.32348866221316974
elo_white=27.576448416203483
elo_black=-26.92548273010877
variance=0.08289415090916596
variance_white=0.0810996124703029
variance_black=0.08162527451482124
covariance=-0.009800839291698588
correlation=-0.12045963725738375
p_correlation=0.0
variance_pentanomial=0.07156160420086355
variance_ratio=0.8632889463971899
