name='5bfde8200ebc5902bced9f58'
all={(0, 1): 518, (1, 2): 555, (0, 0): 117, (2, 1): 788, (1, 1): 2981, (2, 0): 410, (2, 2): 114, (1, 0): 867, (0, 2): 180}
white=[815, 4403, 1312]
black=[1394, 4287, 849]
N2=6530
chi2=165.23290717337565
p_chi2=0.0
trinomial=[2209, 8690, 2161]
pentanomial=[117, 1385, 3571, 1343, 114]
ldw=[0.16914241960183768, 0.6653905053598775, 0.16546707503828484]
ldw_white=[0.12480857580398162, 0.6742725880551301, 0.2009188361408882]
ldw_black=[0.21347626339969372, 0.6565084226646248, 0.13001531393568147]
ldw_pentanomial=[0.017917304747320062, 0.2120980091883614, 0.5468606431852986, 0.20566615620214396, 0.017457886676875957]
score=0.4981623277182236
score_white=0.5380551301684533
score_black=0.4582695252679939
elo=-1.2769512402088448
elo_white=26.494651288325766
elo_black=-29.064915781559296
variance=0.08364899662061537
variance_white=0.07998366005407953
variance_black=0.08413146181248515
covariance=-0.012156198626201625
correlation=-0.14818967082566603
p_correlation=0.0
variance_pentanomial=0.06990136230708066
variance_ratio=0.8356509358278831
