name='5bfe298f0ebc5902bceda38f'
all={(0, 1): 537, (1, 2): 496, (0, 0): 104, (2, 1): 776, (1, 1): 2815, (2, 0): 340, (2, 2): 107, (1, 0): 771, (0, 2): 161}
white=[802, 4082, 1223]
black=[1215, 4128, 764]
N2=6107
chi2=115.06341664391961
p_chi2=0.0
trinomial=[2017, 8210, 1987]
pentanomial=[104, 1308, 3316, 1272, 107]
ldw=[0.16513836580972654, 0.6721794661863435, 0.16268216800392993]
ldw_white=[0.13132470934992632, 0.6684132962174554, 0.2002619944326183]
ldw_black=[0.19895202226952677, 0.6759456361552317, 0.12510234157524153]
ldw_pentanomial=[0.017029638120189945, 0.21418044866546587, 0.542983461601441, 0.20828557393155395, 0.017520877681349273]
score=0.4987719010971017
score_white=0.534468642541346
score_black=0.4630751596528574
elo=-0.8533722389243311
elo_white=23.98931615655254
elo_black=-25.70480461780137
variance=0.0819536252264988
variance_white=0.08170858862699315
variance_black=0.07965014712653012
covariance=-0.010598873605195097
correlation=-0.1313810013063481
p_correlation=0.0
variance_pentanomial=0.0700804942715666
variance_ratio=0.8551237858957683
