name='5bff8e250ebc5902bcedbc42'
all={(0, 1): 1495, (1, 2): 1396, (0, 0): 280, (2, 1): 2287, (1, 1): 7844, (2, 0): 1047, (2, 2): 345, (1, 0): 2183, (0, 2): 440}
white=[2215, 11423, 3679]
black=[3510, 11626, 2181]
N2=17317
chi2=334.9264419921634
p_chi2=0.0
trinomial=[5725, 23049, 5860]
pentanomial=[280, 3678, 9331, 3683, 345]
ldw=[0.1652999942253277, 0.6655021077553849, 0.16919789801928742]
ldw_white=[0.1279089911647514, 0.659640815383727, 0.21245019345152164]
ldw_black=[0.20269099728590403, 0.6713634001270428, 0.12594560258705317]
ldw_pentanomial=[0.01616908240457354, 0.21239244672864815, 0.5388346711324132, 0.21268118034301553, 0.019922619391349542]
score=0.5019489518969799
score_white=0.5422706011433851
score_black=0.46162730265057456
elo=1.3542773458000747
elo_white=29.442901224957723
elo_black=-26.71661611870298
variance=0.08362067464765705
variance_white=0.08330299243304518
variance_black=0.0806866860663687
covariance=-0.010822381794780872
correlation=-0.1320053735538543
p_correlation=0.0
variance_pentanomial=0.07117245745492595
variance_ratio=0.8511346955142046
