name='5c003b640ebc5902bcedc8b4'
all={(0, 1): 822, (1, 2): 820, (0, 0): 183, (2, 1): 1252, (1, 1): 4724, (2, 0): 639, (2, 2): 180, (1, 0): 1291, (0, 2): 258}
white=[1263, 6835, 2071]
black=[2113, 6798, 1258]
N2=10169
chi2=245.20374912958366
p_chi2=0.0
trinomial=[3376, 13633, 3329]
pentanomial=[183, 2113, 5621, 2072, 180]
ldw=[0.1659946897433376, 0.6703215655423346, 0.16368374471432787]
ldw_white=[0.12420100304848068, 0.67214082013964, 0.20365817681187925]
ldw_black=[0.2077883764381945, 0.668502310945029, 0.12370931261677648]
ldw_pentanomial=[0.017995869800373685, 0.2077883764381945, 0.5527583833218606, 0.20375651489822008, 0.017700855541351167]
score=0.4988445274854951
score_white=0.5397285868816992
score_black=0.457960468089291
elo=-0.8029059685641458
elo_white=27.66456758538278
elo_black=-29.281188386735238
variance=0.0824182734976846
variance_white=0.08038643434947329
variance_black=0.08110710002047122
covariance=-0.011457963330521515
correlation=-0.14190137659166552
p_correlation=0.0
variance_pentanomial=0.06928880385445069
variance_ratio=0.840697104100309
