name='5c0087fb0ebc5902bcedd138'
all={(0, 1): 215, (1, 2): 208, (0, 0): 51, (2, 1): 325, (1, 1): 1267, (2, 0): 172, (2, 2): 28, (1, 0): 344, (0, 2): 66}
white=[332, 1819, 525]
black=[567, 1807, 302]
N2=2676
chi2=85.25690410987319
p_chi2=0.0
trinomial=[899, 3626, 827]
pentanomial=[51, 559, 1505, 533, 28]
ldw=[0.1679745889387145, 0.6775037369207773, 0.15452167414050821]
ldw_white=[0.12406576980568013, 0.679745889387145, 0.1961883408071749]
ldw_black=[0.21188340807174888, 0.6752615844544095, 0.11285500747384156]
ldw_pentanomial=[0.01905829596412556, 0.20889387144992527, 0.5624065769805681, 0.1991778774289985, 0.01046337817638266]
score=0.49327354260089684
score_white=0.5360612855007474
score_black=0.4504857997010463
elo=-4.674303330077883
elo_white=25.101531476573633
elo_black=-34.519125651846295
variance=0.08057882054066373
variance_white=0.07876311134124736
variance_black=0.07873294785515272
covariance=-0.013068714376364338
correlation=-0.16595608401534107
p_correlation=0.0
variance_pentanomial=0.06567931522183579
variance_ratio=0.8150940257147475
