name='5c009d1a0ebc5902bcedd35a'
all={(0, 1): 464, (1, 2): 469, (0, 0): 95, (2, 1): 641, (1, 1): 2422, (2, 0): 295, (2, 2): 69, (1, 0): 685, (0, 2): 132}
white=[691, 3576, 1005]
black=[1075, 3527, 670]
N2=5272
chi2=108.74752490857716
p_chi2=0.0
trinomial=[1766, 7103, 1675]
pentanomial=[95, 1149, 2849, 1110, 69]
ldw=[0.1674886191198786, 0.6736532625189682, 0.15885811836115327]
ldw_white=[0.13106980273141122, 0.6783004552352049, 0.19062974203338393]
ldw_black=[0.20390743550834597, 0.6690060698027314, 0.1270864946889226]
ldw_pentanomial=[0.018019726858877087, 0.21794385432473445, 0.540402124430956, 0.210546282245827, 0.013088012139605462]
score=0.49568474962063735
score_white=0.5297799696509864
score_black=0.4615895295902883
elo=-2.9986175371587143
elo_white=20.717763573273476
elo_black=-26.743019192762564
variance=0.08156806298442137
variance_white=0.07953803959878508
variance_black=0.08127311831222175
covariance=-0.011327685156615225
correlation=-0.14089003167594785
p_correlation=0.0
variance_pentanomial=0.06907789379888829
variance_ratio=0.846874270044655
