name='5c008fef0ebc5902bcedd23a'
all={(0, 1): 422, (1, 2): 389, (0, 0): 90, (2, 1): 625, (1, 1): 2316, (2, 0): 293, (2, 2): 85, (1, 0): 652, (0, 2): 121}
white=[633, 3357, 1003]
black=[1035, 3363, 595]
N2=4993
chi2=93.50012759139719
p_chi2=0.0
trinomial=[1668, 6720, 1598]
pentanomial=[90, 1074, 2730, 1014, 85]
ldw=[0.1670338473863409, 0.6729421189665532, 0.16002403364710596]
ldw_white=[0.12677748848387743, 0.6723412777889045, 0.2008812337272181]
ldw_black=[0.20729020628880432, 0.6735429601442019, 0.11916683356699379]
ldw_pentanomial=[0.018025235329461247, 0.21510114159823754, 0.5467654716603244, 0.20308431804526336, 0.017023833366713398]
score=0.49649509313038254
score_white=0.5370518726216704
score_black=0.45593831363909476
elo=-2.4354986328470103
elo_white=25.793561409994577
elo_black=-30.69682189021236
variance=0.08175218588619707
variance_white=0.08054183928800135
variance_black=0.07967282775898271
covariance=-0.010334185464296541
correlation=-0.1290061350230973
p_correlation=0.0
variance_pentanomial=0.06977314805919549
variance_ratio=0.853471345173853
