name='5c00b2c40ebc5902bcedd596'
all={(0, 1): 1956, (1, 2): 2095, (0, 0): 408, (2, 1): 3024, (1, 1): 10178, (2, 0): 1414, (2, 2): 434, (1, 0): 2918, (0, 2): 579}
white=[2943, 15191, 4872]
black=[4740, 15158, 3108]
N2=23006
chi2=420.6733585988407
p_chi2=0.0
trinomial=[7683, 30349, 7980]
pentanomial=[408, 4874, 12171, 5119, 434]
ldw=[0.16697817960532035, 0.6595888029209771, 0.17343301747370252]
ldw_white=[0.12792315048248282, 0.6603060071285751, 0.211770842388942]
ldw_black=[0.20603320872815786, 0.6588715987133791, 0.135095192558463]
ldw_pentanomial=[0.017734504042423715, 0.21185777623228724, 0.5290359036773016, 0.22250717204207598, 0.0188646440059115]
score=0.5032274189341911
score_white=0.5419238459532296
score_black=0.46453099191515257
elo=2.242671521519628
elo_white=29.20023081094631
elo_black=-24.6878583327031
variance=0.08509238303677896
variance_white=0.08316588935834601
variance_black=0.08402404978713221
covariance=-0.011020609480229704
correlation=-0.1318351416907547
p_correlation=0.0
variance_pentanomial=0.0725743600925094
variance_ratio=0.8528890307507432
