name='5c01825e0ebc5902bcede686'
all={(0, 1): 1452, (1, 2): 1467, (0, 0): 305, (2, 1): 2316, (1, 1): 8279, (2, 0): 977, (2, 2): 293, (1, 0): 2264, (0, 2): 395}
white=[2152, 12010, 3586]
black=[3546, 12047, 2155]
N2=17748
chi2=261.5144718730421
p_chi2=0.0
trinomial=[5698, 24057, 5741]
pentanomial=[305, 3716, 9651, 3783, 293]
ldw=[0.16052512959206672, 0.677738336713996, 0.16173653369393734]
ldw_white=[0.12125309894072571, 0.6766959657426189, 0.2020509353166554]
ldw_black=[0.1997971602434077, 0.678780707685373, 0.1214221320712193]
ldw_pentanomial=[0.017185034933513636, 0.2093757043047104, 0.5437795807978364, 0.21315077755240028, 0.01650890241153933]
score=0.5006057020509354
score_white=0.5403989181879649
score_black=0.4608124859139058
elo=0.4208850993209557
elo_white=28.133371473675194
elo_black=-27.286235502429516
variance=0.0805650489465265
variance_white=0.07919393597358731
variance_black=0.07876916181840893
covariance=-0.009319503741281931
correlation=-0.11799638734495399
p_correlation=0.0
variance_pentanomial=0.0696620451547163
variance_ratio=0.8646683154248829
