name='5c01496e0ebc5902bcede1e5'
all={(0, 1): 521, (1, 2): 520, (0, 0): 121, (2, 1): 858, (1, 1): 2948, (2, 0): 384, (2, 2): 94, (1, 0): 837, (0, 2): 149}
white=[791, 4305, 1336]
black=[1342, 4327, 763]
N2=6432
chi2=117.51715719266956
p_chi2=0.0
trinomial=[2133, 8632, 2099]
pentanomial=[121, 1358, 3481, 1378, 94]
ldw=[0.1658115671641791, 0.6710199004975125, 0.16316853233830847]
ldw_white=[0.12297885572139304, 0.6693097014925373, 0.20771144278606965]
ldw_black=[0.20864427860696516, 0.6727300995024875, 0.11862562189054726]
ldw_pentanomial=[0.01881218905472637, 0.2111318407960199, 0.5412002487562189, 0.2142412935323383, 0.014614427860696517]
score=0.4986784825870647
score_white=0.5423662935323383
score_black=0.454990671641791
elo=-0.9182864905577712
elo_white=29.50987486678994
elo_black=-31.360577199083544
variance=0.08224327846734922
variance_white=0.08087767179919736
variance_black=0.07979163548512108
covariance=-0.01045319620994839
correlation=-0.13012360853504382
p_correlation=0.0
variance_pentanomial=0.06988145743221069
variance_ratio=0.8496920202415544
