name='5c012fff0ebc5902bcede0f7'
all={(0, 1): 1014, (1, 2): 1066, (0, 0): 250, (2, 1): 1602, (1, 1): 5780, (2, 0): 797, (2, 2): 205, (1, 0): 1627, (0, 2): 290}
white=[1554, 8473, 2604]
black=[2674, 8396, 1561]
N2=12631
chi2=250.52810771464246
p_chi2=0.0
trinomial=[4228, 16869, 4165]
pentanomial=[250, 2641, 6867, 2668, 205]
ldw=[0.16736600427519593, 0.667761855751722, 0.1648721399730821]
ldw_white=[0.12303063890428312, 0.6708099121209722, 0.20615944897474467]
ldw_black=[0.21170136964610878, 0.6647137993824717, 0.12358483097141952]
ldw_pentanomial=[0.019792573826300373, 0.20908874990103712, 0.5436624178608186, 0.21122634787427758, 0.016229910537566304]
score=0.4987530678489431
score_white=0.5415644050352307
score_black=0.45594173066265536
elo=-0.866459000295068
elo_white=28.94871251321301
elo_black=-30.694428917311807
variance=0.08305798122228017
variance_white=0.08056992220382425
variance_black=0.08188041905738008
covariance=-0.01067765090633313
correlation=-0.13146169195686286
p_correlation=0.0
variance_pentanomial=0.07054751972426904
variance_ratio=0.8493767689280748
