name='5c0107880ebc5902bceddc9c'
all={(0, 1): 891, (1, 2): 1025, (0, 0): 203, (2, 1): 1508, (1, 1): 5378, (2, 0): 684, (2, 2): 218, (1, 0): 1465, (0, 2): 282}
white=[1376, 7868, 2410]
black=[2352, 7777, 1525]
N2=11654
chi2=207.8482099867342
p_chi2=0.0
trinomial=[3728, 15645, 3935]
pentanomial=[203, 2356, 6344, 2533, 218]
ldw=[0.15994508323322465, 0.6712287626565986, 0.16882615411017676]
ldw_white=[0.11807104856701561, 0.675133001544534, 0.20679594988845032]
ldw_black=[0.20181911789943366, 0.6673245237686631, 0.1308563583319032]
ldw_pentanomial=[0.017418911961558262, 0.20216234769177965, 0.5443624506607173, 0.21735026600308907, 0.018706023682855673]
score=0.504440535438476
score_white=0.5443624506607173
score_black=0.4645186202162348
elo=3.085681187983955
elo_white=30.90746129123128
elo_black=-24.696498564176736
variance=0.08217309098087
variance_white=0.0792487225852419
variance_black=0.08190994074647437
covariance=-0.010117223841753342
correlation=-0.12557318729462882
p_correlation=0.0
variance_pentanomial=0.070462107824105
variance_ratio=0.8574839644343994
