name='5c01bf320ebc5902bcedec49'
all={(0, 1): 5409, (1, 2): 5377, (0, 0): 1179, (2, 1): 8056, (1, 1): 30035, (2, 0): 3921, (2, 2): 1152, (1, 0): 8378, (0, 2): 1614}
white=[8202, 43790, 13129]
black=[13478, 43500, 8143]
N2=65121
chi2=1308.8539323351024
p_chi2=0.0
trinomial=[21680, 87290, 21272]
pentanomial=[1179, 13787, 35570, 13433, 1152]
ldw=[0.16645936026780916, 0.6702139094915619, 0.163326730240629]
ldw_white=[0.12595015432809692, 0.672440533775587, 0.2016093118963161]
ldw_black=[0.20696856620752138, 0.6679872852075367, 0.12504414858494187]
ldw_pentanomial=[0.018104758833555997, 0.21171357933692664, 0.54621397091568, 0.20627754487799635, 0.017690146035840973]
score=0.49843368498640994
score_white=0.5378295787841096
score_black=0.45903779118871024
elo=-1.088390707988856
elo_white=26.337014380613514
elo_black=-28.527394217480854
variance=0.08244406928438769
variance_white=0.08045878952512003
variance_black=0.08132527614741608
covariance=-0.010750596560147874
correlation=-0.13290246735084915
p_correlation=0.0
variance_pentanomial=0.07014143627612013
variance_ratio=0.850776009541328
