name='5c02e3c10ebc5902bcee0637'
all={(0, 1): 1126, (1, 2): 1059, (0, 0): 209, (2, 1): 1745, (1, 1): 6490, (2, 0): 907, (2, 2): 221, (1, 0): 1760, (0, 2): 368}
white=[1703, 9309, 2873]
black=[2876, 9361, 1648]
N2=13885
chi2=443.7283823539764
p_chi2=0.0
trinomial=[4579, 18670, 4521]
pentanomial=[209, 2886, 7765, 2804, 221]
ldw=[0.16489016924738928, 0.6723082463089665, 0.16280158444364423]
ldw_white=[0.12265034209578682, 0.6704357220021606, 0.20691393590205256]
ldw_black=[0.2071299963989917, 0.6741807706157724, 0.11868923298523587]
ldw_pentanomial=[0.015052214620093627, 0.20785019805545552, 0.5592365862441484, 0.20194454447245228, 0.0159164566078502]
score=0.49895570759812746
score_white=0.5421317969031328
score_black=0.4557796182931221
elo=-0.7256497393438366
elo_white=29.345758134820155
elo_black=-30.80796089877764
variance=0.08192184787613777
variance_white=0.08061598118917301
variance_black=0.07949936518775494
covariance=-0.013351175851744751
correlation=-0.16677352705510884
p_correlation=0.0
variance_pentanomial=0.06670649733671918
variance_ratio=0.814269930013987
