name='5c02dd490ebc5902bcee05a7'
all={(0, 1): 515, (1, 2): 509, (0, 0): 72, (2, 1): 736, (1, 1): 3300, (2, 0): 596, (2, 2): 60, (1, 0): 762, (0, 2): 249}
white=[836, 4571, 1392]
black=[1430, 4551, 818]
N2=6799
chi2=771.3132732525115
p_chi2=0.0
trinomial=[2266, 9122, 2210]
pentanomial=[72, 1277, 4145, 1245, 60]
ldw=[0.16664215325783202, 0.6708339461685542, 0.16252390057361377]
ldw_white=[0.12295925871451684, 0.6723047506986322, 0.20473599058685102]
ldw_black=[0.21032504780114722, 0.6693631416384762, 0.12031181056037653]
ldw_pentanomial=[0.01058979261656126, 0.18782173849095454, 0.6096484777173113, 0.1831151639947051, 0.008824827180467716]
score=0.49794087365789086
score_white=0.5408883659361671
score_black=0.45499338137961465
elo=-1.430835621701188
elo_white=28.475736852903783
elo_black=-31.358678898706277
variance=0.0822872734565687
variance_white=0.08025195385641204
variance_black=0.08063361887074014
covariance=-0.02437684365693968
correlation=-0.30303416069858435
p_correlation=0.0
variance_pentanomial=0.05606594270663651
variance_ratio=0.6813440323336046
