name='5c0385080ebc5902bcee14b5'
all={(0, 1): 561, (1, 2): 622, (0, 0): 131, (2, 1): 984, (1, 1): 3447, (2, 0): 464, (2, 2): 131, (1, 0): 875, (0, 2): 186}
white=[878, 4944, 1579]
black=[1470, 4992, 939]
N2=7401
chi2=180.14921329449302
p_chi2=0.0
trinomial=[2348, 9936, 2518]
pentanomial=[131, 1436, 4097, 1606, 131]
ldw=[0.1586272125388461, 0.6712606404539927, 0.1701121470071612]
ldw_white=[0.11863261721389001, 0.6680178354276449, 0.21334954735846506]
ldw_black=[0.19862180786380218, 0.6745034454803405, 0.12687474665585732]
ldw_pentanomial=[0.017700310768815026, 0.19402783407647614, 0.5535738413727874, 0.21699770301310634, 0.017700310768815026]
score=0.5057424672341575
score_white=0.5473584650722876
score_black=0.46412646939602753
elo=3.990450389609486
elo_white=33.00697445869721
elo_black=-24.97038738948588
variance=0.08215186395656648
variance_white=0.08075271692908564
variance_black=0.08008722843192079
covariance=-0.011407421635361098
correlation=-0.1418493304779696
p_correlation=0.0
variance_pentanomial=0.06901255104514203
variance_ratio=0.8400606842180577
