name='5c030a520ebc5902bcee0a32'
all={(0, 1): 1391, (1, 2): 1363, (0, 0): 236, (2, 1): 2152, (1, 1): 7999, (2, 0): 1301, (2, 2): 251, (1, 0): 2040, (0, 2): 533}
white=[2160, 11402, 3704]
black=[3577, 11542, 2147]
N2=17266
chi2=935.7691340663583
p_chi2=0.0
trinomial=[5737, 22944, 5851]
pentanomial=[236, 3431, 9833, 3515, 251]
ldw=[0.16613575813737982, 0.6644271979613112, 0.16943704390130893]
ldw_white=[0.12510135526468202, 0.6603729873740299, 0.2145256573612881]
ldw_black=[0.2071701610100776, 0.6684814085485926, 0.12434843044132977]
ldw_pentanomial=[0.013668481408548592, 0.19871423607089078, 0.5695007529248234, 0.2035792887756284, 0.014537240820108885]
score=0.5016506428819645
score_white=0.5447121510483031
score_black=0.45858913471562607
elo=1.146988319192885
elo_white=31.152401444273263
elo_black=-28.84128252160137
variance=0.08389047588774845
variance_white=0.08290757670512627
variance_black=0.08116478809925129
covariance=-0.01765207992589271
correlation=-0.21518646189389112
p_correlation=0.0
variance_pentanomial=0.06438410247629622
variance_ratio=0.7674780932515728
