name='5c0496680ebc5902bcee31d6'
all={(0, 1): 493, (1, 2): 472, (0, 0): 105, (2, 1): 747, (1, 1): 2660, (2, 0): 356, (2, 2): 86, (1, 0): 749, (0, 2): 138}
white=[736, 3881, 1189]
black=[1210, 3900, 696]
N2=5806
chi2=121.96386973979997
p_chi2=0.0
trinomial=[1946, 7781, 1885]
pentanomial=[105, 1242, 3154, 1219, 86]
ldw=[0.1675852566310713, 0.6700826730967964, 0.16233207027213228]
ldw_white=[0.12676541508784017, 0.6684464347227006, 0.20478815018945917]
ldw_black=[0.20840509817430244, 0.6717189114708921, 0.11987599035480537]
ldw_pentanomial=[0.018084739924216327, 0.21391663796073027, 0.5432311401997933, 0.20995521873923528, 0.014812263176024801]
score=0.49737340682053044
score_white=0.5390113675508095
score_black=0.4557354460902514
elo=-1.8251606676253949
elo_white=27.16308326794583
elo_black=-30.83889710676867
variance=0.08247243273407048
variance_white=0.08136650452114053
variance_black=0.08011092139944798
covariance=-0.011320027306138736
correlation=-0.14020993288544412
p_correlation=0.0
variance_pentanomial=0.06941868565415549
variance_ratio=0.8417198735727082
