name='5c05020e0ebc5902bcee390c'
all={(0, 1): 2679, (1, 2): 2761, (0, 0): 567, (2, 1): 4256, (1, 1): 14521, (2, 0): 1889, (2, 2): 553, (1, 0): 4035, (0, 2): 779}
white=[4025, 21317, 6698]
black=[6491, 21456, 4093]
N2=32040
chi2=562.9525036510042
p_chi2=0.0
trinomial=[10516, 42773, 10791]
pentanomial=[567, 6714, 17189, 7017, 553]
ldw=[0.16410736579275906, 0.6674937578027466, 0.16839887640449439]
ldw_white=[0.12562421972534332, 0.6653245942571785, 0.20905118601747816]
ldw_black=[0.2025905118601748, 0.6696629213483146, 0.1277465667915106]
ldw_pentanomial=[0.017696629213483146, 0.2095505617977528, 0.5364856429463171, 0.21900749063670413, 0.01725967540574282]
score=0.5021457553058677
score_white=0.5417134831460674
score_black=0.4625780274656679
elo=1.4910326556906395
elo_white=29.053026031266743
elo_black=-26.052167502616356
variance=0.08312195628348068
variance_white=0.08192883675952817
variance_black=0.08118386563456106
covariance=-0.010517650864789757
correlation=-0.12896310843305042
p_correlation=0.0
variance_pentanomial=0.07103870033225468
variance_ratio=0.8546321995837413
