name='5c05d9020ebc5902bcee4b15'
all={(0, 1): 1495, (1, 2): 1470, (0, 0): 318, (2, 1): 2311, (1, 1): 8578, (2, 0): 1075, (2, 2): 327, (1, 0): 2415, (0, 2): 475}
white=[2288, 12463, 3713]
black=[3808, 12384, 2272]
N2=18464
chi2=376.6130048792951
p_chi2=0.0
trinomial=[6096, 24847, 5985]
pentanomial=[318, 3910, 10128, 3781, 327]
ldw=[0.16507798960138648, 0.672849870017331, 0.1620721403812825]
ldw_white=[0.12391681109185441, 0.6749891681109186, 0.20109402079722705]
ldw_black=[0.20623916811091855, 0.6707105719237435, 0.12305025996533796]
ldw_pentanomial=[0.017222703639514732, 0.211763431542461, 0.548526863084922, 0.20477686308492202, 0.017710138648180242]
score=0.49849707538994803
score_white=0.5385886048526863
score_black=0.4584055459272097
elo=-1.0443421290425017
elo_white=26.8675379370064
elo_black=-28.96973812355578
variance=0.08178527371328373
variance_white=0.07976362754779359
variance_black=0.08059225840945064
covariance=-0.010648502571118795
correlation=-0.13281264583927155
p_correlation=0.0
variance_pentanomial=0.06952944040750325
variance_ratio=0.850146209099379
