name='5c05975a0ebc5902bcee4645'
all={(0, 1): 1492, (1, 2): 1474, (0, 0): 290, (2, 1): 2324, (1, 1): 8168, (2, 0): 1103, (2, 2): 283, (1, 0): 2236, (0, 2): 433}
white=[2215, 11878, 3710]
black=[3629, 11984, 2190]
N2=17803
chi2=407.23498084534583
p_chi2=0.0
trinomial=[5844, 23862, 5900]
pentanomial=[290, 3728, 9704, 3798, 283]
ldw=[0.16412964107172948, 0.6701679492220413, 0.1657024097062293]
ldw_white=[0.12441723305060945, 0.6671909228781666, 0.20839184407122396]
ldw_black=[0.20384204909284953, 0.6731449755659159, 0.12301297534123462]
ldw_pentanomial=[0.016289389428747966, 0.20940290962197383, 0.5450766724709318, 0.21333483120822333, 0.01589619727012301]
score=0.50078638431725
score_white=0.5419873055103073
score_black=0.4595854631241926
elo=0.5464362419744712
elo_white=29.244639714449935
elo_black=-28.144295794299147
variance=0.08245739429419519
variance_white=0.0814393354564425
variance_black=0.08008042131763504
covariance=-0.01182610423441749
correlation=-0.14644057222519627
p_correlation=0.0
variance_pentanomial=0.06893377415262114
variance_ratio=0.8359926328338261
