name='5c0689400ebc5902bcee5a23'
all={(0, 1): 1171, (1, 2): 1251, (0, 0): 199, (2, 1): 1801, (1, 1): 8036, (2, 0): 1390, (2, 2): 186, (1, 0): 1919, (0, 2): 572}
white=[1942, 11206, 3377]
black=[3508, 11008, 2009]
N2=16525
chi2=1585.83966947365
p_chi2=0.0
trinomial=[5450, 22214, 5386]
pentanomial=[199, 3090, 9998, 3052, 186]
ldw=[0.1649016641452345, 0.6721331316187594, 0.16296520423600605]
ldw_white=[0.11751891074130105, 0.678124054462935, 0.204357034795764]
ldw_black=[0.21228441754916794, 0.666142208774584, 0.12157337367624811]
ldw_pentanomial=[0.012042360060514372, 0.1869894099848714, 0.6050226928895612, 0.18468986384266264, 0.011255673222390317]
score=0.4990317700453858
score_white=0.5434190620272314
score_black=0.4546444780635401
elo=-0.672795923371957
elo_white=30.246837022278253
elo_black=-31.60311768481423
variance=0.0819657796260651
variance_white=0.07858377143694173
variance_black=0.08140732443622534
covariance=-0.02188849700517939
correlation=-0.2736640606398694
p_correlation=0.0
variance_pentanomial=0.058107050931404
variance_ratio=0.7089184193268623
