name='5c06c2340ebc5902bcee5e61'
all={(0, 1): 566, (1, 2): 568, (0, 0): 137, (2, 1): 904, (1, 1): 3361, (2, 0): 437, (2, 2): 114, (1, 0): 932, (0, 2): 181}
white=[884, 4861, 1455]
black=[1506, 4831, 863]
N2=7200
chi2=161.35824678991239
p_chi2=0.0
trinomial=[2390, 9692, 2318]
pentanomial=[137, 1498, 3979, 1472, 114]
ldw=[0.16597222222222222, 0.6730555555555555, 0.1609722222222222]
ldw_white=[0.12277777777777778, 0.6751388888888888, 0.20208333333333334]
ldw_black=[0.20916666666666667, 0.6709722222222222, 0.11986111111111111]
ldw_pentanomial=[0.01902777777777778, 0.20805555555555555, 0.5526388888888889, 0.20444444444444446, 0.015833333333333335]
score=0.49749999999999994
score_white=0.5396527777777778
score_black=0.45534722222222224
elo=-1.7371924043129343
elo_white=27.61155597705621
elo_black=-31.11081253743006
variance=0.08172986111111111
variance_white=0.07964293499228398
variance_black=0.08026307388117282
covariance=-0.010972448881172853
correlation=-0.13723726171795178
p_correlation=0.0
variance_pentanomial=0.06898055555555566
variance_ratio=0.8440067634738437
