name='5c0698610ebc5902bcee5b6a'
all={(0, 1): 272, (1, 2): 303, (0, 0): 36, (2, 1): 422, (1, 1): 1719, (2, 0): 189, (2, 2): 40, (1, 0): 421, (0, 2): 74}
white=[382, 2443, 651]
black=[646, 2413, 417]
N2=3476
chi2=96.5970683435832
p_chi2=0.0
trinomial=[1028, 4856, 1068]
pentanomial=[36, 693, 1982, 725, 40]
ldw=[0.1478711162255466, 0.6985040276179517, 0.15362485615650173]
ldw_white=[0.10989643268124281, 0.702819332566168, 0.18728423475258918]
ldw_black=[0.1858457997698504, 0.6941887226697353, 0.11996547756041427]
ldw_pentanomial=[0.010356731875719217, 0.19936708860759494, 0.5701956271576525, 0.20857307249712312, 0.011507479861910242]
score=0.5028768699654775
score_white=0.5386939010356732
score_black=0.4670598388952819
elo=1.9990760622038726
elo_white=26.941144842817916
elo_black=-22.92236947573821
variance=0.07536571671471387
variance_white=0.07279794888109958
variance_black=0.07536776511896143
covariance=-0.012174783754722474
correlation=-0.16436481905129502
p_correlation=0.0
variance_pentanomial=0.061908073245308115
variance_ratio=0.8214354741646293
