name='5c06e1510ebc5902bcee6037'
all={(0, 1): 873, (1, 2): 844, (0, 0): 135, (2, 1): 1250, (1, 1): 5961, (2, 0): 958, (2, 2): 129, (1, 0): 1383, (0, 2): 414}
white=[1422, 8188, 2337]
black=[2476, 8084, 1387]
N2=11947
chi2=1179.3647488999165
p_chi2=0.0
trinomial=[3898, 16272, 3724]
pentanomial=[135, 2256, 7333, 2094, 129]
ldw=[0.163137189252532, 0.6810077843810162, 0.15585502636645182]
ldw_white=[0.11902569682765547, 0.6853603415083285, 0.19561396166401607]
ldw_black=[0.20724868167740856, 0.6766552272537039, 0.11609609106888759]
ldw_pentanomial=[0.011299907926676154, 0.18883401690801038, 0.6137942579727128, 0.17527412739599899, 0.010797689796601657]
score=0.4963589185569599
score_white=0.5382941324181802
score_black=0.4544237046957395
elo=-2.5301272509573036
elo_white=26.66170083158224
elo_black=-31.75780578937824
variance=0.07973479643067108
variance_white=0.07719347404525684
variance_black=0.07875899449291288
covariance=-0.021440432317594432
correlation=-0.27497497001103904
p_correlation=0.0
variance_pentanomial=0.05653580195149038
variance_ratio=0.7090480503157479
