name='5c069ae30ebc5902bcee5b97'
all={(0, 1): 686, (1, 2): 643, (0, 0): 131, (2, 1): 1064, (1, 1): 3821, (2, 0): 460, (2, 2): 130, (1, 0): 1100, (0, 2): 197}
white=[1014, 5564, 1654]
black=[1691, 5571, 970]
N2=8232
chi2=148.54700662153766
p_chi2=0.0
trinomial=[2705, 11135, 2624]
pentanomial=[131, 1786, 4478, 1707, 130]
ldw=[0.16429786200194363, 0.676324101068999, 0.15937803692905733]
ldw_white=[0.12317784256559766, 0.6758989310009719, 0.20092322643343052]
ldw_black=[0.2054178814382896, 0.6767492711370262, 0.11783284742468415]
ldw_pentanomial=[0.015913508260447035, 0.21695821185617103, 0.543974732750243, 0.20736151603498543, 0.015792031098153546]
score=0.4975400874635568
score_white=0.5388726919339164
score_black=0.45620748299319724
elo=-1.7093360962664002
elo_white=27.066133488746946
elo_black=-30.50832900508116
variance=0.08091292356306329
variance_white=0.07951418107156794
variance_black=0.07889489766995234
covariance=-0.010323906044439085
correlation=-0.1303458743568293
p_correlation=0.0
variance_pentanomial=0.0688806333263211
variance_ratio=0.851293344661261
