name='5c062f5d0ebc5902bcee502e'
all={(0, 1): 156, (1, 2): 121, (0, 0): 30, (2, 1): 254, (1, 1): 1040, (2, 0): 117, (2, 2): 17, (1, 0): 236, (0, 2): 36}
white=[222, 1397, 388]
black=[383, 1450, 174]
N2=2007
chi2=58.379952901681435
p_chi2=6.3505867231583579e-12
trinomial=[605, 2847, 562]
pentanomial=[30, 392, 1193, 375, 17]
ldw=[0.15072247135027403, 0.7092675635276532, 0.14000996512207275]
ldw_white=[0.11061285500747384, 0.6960637767812655, 0.1933233682112606]
ldw_black=[0.19083208769307425, 0.7224713502740409, 0.08669656203288491]
ldw_pentanomial=[0.014947683109118086, 0.19531639262580966, 0.5944195316392625, 0.18684603886397608, 0.008470353761833582]
score=0.49464374688589935
score_white=0.5413552566018933
score_black=0.4479322371699053
elo=-3.722048256177273
elo_white=28.80237512660391
elo_black=-36.31202746367285
variance=0.07265441967066436
variance_white=0.07427379855607519
variance_black=0.06667111050535882
covariance=-0.011050511053862566
correlation=-0.15703472601111984
p_correlation=1.4983569940341113e-12
variance_pentanomial=0.05942194347685442
variance_ratio=0.8178710083462024
