name='5c0812450ebc5902bcee76f4'
all={(0, 1): 1883, (1, 2): 2014, (0, 0): 384, (2, 1): 3049, (1, 1): 10678, (2, 0): 1324, (2, 2): 402, (1, 0): 2975, (0, 2): 559}
white=[2826, 15667, 4775]
black=[4683, 15610, 2975]
N2=23268
chi2=396.80101976148217
p_chi2=0.0
trinomial=[7509, 31277, 7750]
pentanomial=[384, 4858, 12561, 5063, 402]
ldw=[0.1613589479112945, 0.6721033178614406, 0.16653773422726492]
ldw_white=[0.12145435791645177, 0.6733281760357572, 0.20521746604779095]
ldw_black=[0.20126353790613719, 0.6708784596871239, 0.12785800240673886]
ldw_pentanomial=[0.016503352243424446, 0.20878459687123946, 0.5398401237751418, 0.21759498023035928, 0.017276946879834967]
score=0.5025893931579852
score_white=0.5418815540656696
score_black=0.46329723225030084
elo=1.7993107418353773
elo_white=29.170635539691077
elo_black=-25.549651681456496
variance=0.08196746557771323
variance_white=0.07991389142010502
variance_black=0.08093329191773063
covariance=-0.010249404883441587
correlation=-0.12744532440948633
p_correlation=0.0
variance_pentanomial=0.07017418678547627
variance_ratio=0.8561224418845088
