name='5c0880200ebc5902bcee7d76'
all={(0, 1): 187, (1, 2): 179, (0, 0): 34, (2, 1): 289, (1, 1): 1035, (2, 0): 130, (2, 2): 38, (1, 0): 304, (0, 2): 49}
white=[270, 1518, 457]
black=[468, 1511, 266]
N2=2245
chi2=37.28790210329152
p_chi2=1.5713168965980628e-07
trinomial=[738, 3029, 723]
pentanomial=[34, 491, 1214, 468, 38]
ldw=[0.1643652561247216, 0.6746102449888641, 0.16102449888641426]
ldw_white=[0.12026726057906459, 0.6761692650334076, 0.20356347438752784]
ldw_black=[0.20846325167037863, 0.6730512249443207, 0.11848552338530066]
ldw_pentanomial=[0.015144766146993319, 0.21870824053452115, 0.5407572383073497, 0.20846325167037863, 0.016926503340757237]
score=0.49832962138084635
score_white=0.5416481069042316
score_black=0.455011135857461
elo=-1.1607022652603793
elo_white=29.007280069713264
elo_black=-31.346241087736644
variance=0.08134464858805263
variance_white=0.07922311893294182
variance_black=0.07971319586708403
covariance=-0.010041666459987775
correlation=-0.12636148271442893
p_correlation=1.8788433031602381e-09
variance_pentanomial=0.06942649094002507
variance_ratio=0.8534856581852881
