name='5c0a23e20ebc5902bcee9e3a'
all={(0, 1): 472, (1, 2): 526, (0, 0): 113, (2, 1): 755, (1, 1): 2815, (2, 0): 357, (2, 2): 98, (1, 0): 816, (0, 2): 146}
white=[731, 4157, 1210]
black=[1286, 4042, 770]
N2=6098
chi2=111.07504971886759
p_chi2=0.0
trinomial=[2017, 8199, 1980]
pentanomial=[113, 1288, 3318, 1281, 98]
ldw=[0.16538209248934077, 0.6722695965890456, 0.16234831092161364]
ldw_white=[0.11987536897343391, 0.6816989176779272, 0.1984257133486389]
ldw_black=[0.21088881600524761, 0.662840275500164, 0.12627090849458839]
ldw_pentanomial=[0.018530665792062972, 0.21121679239094784, 0.5441128238766809, 0.21006887504099706, 0.01607084289931125]
score=0.4984831092161365
score_white=0.5392751721876026
score_black=0.4576910462446704
elo=-1.054046909095235
elo_white=27.347523905742612
elo_black=-29.469743370028695
variance=0.0819302998950884
variance_white=0.07803273143015232
variance_black=0.08249988355708834
covariance=-0.010309446634240549
correlation=-0.12849028208782878
p_correlation=0.0
variance_pentanomial=0.06995686085937985
variance_ratio=0.8538582300926456
