name='5c0a23cf0ebc5902bcee9e37'
all={(0, 1): 1243, (1, 2): 1187, (0, 0): 247, (2, 1): 1946, (1, 1): 6863, (2, 0): 900, (2, 2): 267, (1, 0): 1844, (0, 2): 385}
white=[1875, 9894, 3113]
black=[2991, 10052, 1839]
N2=14882
chi2=330.9697391196791
p_chi2=0.0
trinomial=[4866, 19946, 4952]
pentanomial=[247, 3087, 8148, 3133, 267]
ldw=[0.16348609057922323, 0.6701384222550733, 0.16637548716570352]
ldw_white=[0.1259911302244322, 0.6648299959682838, 0.20917887380728398]
ldw_black=[0.20098105093401425, 0.6754468485418627, 0.1235721005241231]
ldw_pentanomial=[0.016597231554898534, 0.20743179680150517, 0.5475070555032926, 0.21052277919634457, 0.017941136943959147]
score=0.5014446982932401
score_white=0.5415938717914259
score_black=0.4612955247950544
elo=1.00388198851092
elo_white=28.96933069348491
elo_black=-26.94853680984573
variance=0.08246330728307322
variance_white=0.08206245083732744
variance_black=0.07964025146364412
covariance=-0.01134201920764269
correlation=-0.14029811159240047
p_correlation=0.0
variance_pentanomial=0.06950933194284326
variance_ratio=0.8429122507085166
