name='5c0b4aa40ebc5902bceebe72'
all={(0, 1): 2208, (1, 2): 2134, (0, 0): 460, (2, 1): 3371, (1, 1): 12292, (2, 0): 1571, (2, 2): 522, (1, 0): 3383, (0, 2): 599}
white=[3267, 17809, 5464]
black=[5414, 17871, 3255]
N2=26540
chi2=433.42907955351325
p_chi2=0.0
trinomial=[8681, 35680, 8719]
pentanomial=[460, 5591, 14462, 5505, 522]
ldw=[0.16354559155990958, 0.6721929163526752, 0.16426149208741522]
ldw_white=[0.12309721175584024, 0.6710248681235871, 0.2058779201205727]
ldw_black=[0.2039939713639789, 0.6733609645817634, 0.12264506405425772]
ldw_pentanomial=[0.01733232856066315, 0.21066314996232102, 0.5449133383571967, 0.20742275810097965, 0.01966842501883949]
score=0.5003579502637528
score_white=0.5413903541823663
score_black=0.45932554634513945
elo=0.24872936144229443
elo_white=28.82693155731473
elo_black=-28.326099914381082
variance=0.0819516427834398
variance_white=0.08053062154976148
variance_black=0.0800053476744377
covariance=-0.009507125571218411
correlation=-0.11844294470795423
p_correlation=0.0
variance_pentanomial=0.07076085904088114
variance_ratio=0.8634464989050834
