name='5c0bb97a0ebc5902bceec9b8'
all={(0, 1): 526, (1, 2): 470, (0, 0): 114, (2, 1): 765, (1, 1): 2730, (2, 0): 352, (2, 2): 101, (1, 0): 787, (0, 2): 155}
white=[795, 3987, 1218]
black=[1253, 4021, 726]
N2=6000
chi2=111.71151368809718
p_chi2=0.0
trinomial=[2048, 8008, 1944]
pentanomial=[114, 1313, 3237, 1235, 101]
ldw=[0.17066666666666666, 0.6673333333333333, 0.162]
ldw_white=[0.1325, 0.6645, 0.203]
ldw_black=[0.20883333333333334, 0.6701666666666667, 0.121]
ldw_pentanomial=[0.019, 0.21883333333333332, 0.5395, 0.20583333333333334, 0.016833333333333332]
score=0.4956666666666667
score_white=0.53525
score_black=0.45608333333333334
elo=-3.011183800492985
elo_white=24.53491100901592
elo_black=-30.595265821388633
variance=0.08314788888888883
variance_white=0.08263243750000004
variance_black=0.08052965972222226
covariance=-0.010618604166666656
correlation=-0.13017099300486296
p_correlation=0.0
variance_pentanomial=0.07096244444444427
variance_ratio=0.8534485408195023
