name='5c0b4aed0ebc5902bceebe75'
all={(0, 1): 418, (1, 2): 372, (0, 0): 85, (2, 1): 600, (1, 1): 2258, (2, 0): 262, (2, 2): 85, (1, 0): 621, (0, 2): 126}
white=[629, 3251, 947]
black=[968, 3276, 583]
N2=4827
chi2=88.06144535670381
p_chi2=0.0
trinomial=[1597, 6527, 1530]
pentanomial=[85, 1039, 2646, 972, 85]
ldw=[0.16542365858711414, 0.6760928112699399, 0.15848353014294592]
ldw_white=[0.13030868033975554, 0.6735032111042055, 0.19618810855603894]
ldw_black=[0.20053863683447276, 0.6786824114356743, 0.12077895172985291]
ldw_pentanomial=[0.017609281126993993, 0.2152475657758442, 0.54816656308266, 0.20136730888750776, 0.017609281126993993]
score=0.4965299357779159
score_white=0.5329397141081417
score_black=0.4601201574476901
elo=-2.4112863036081817
elo_white=22.922057516752425
elo_black=-27.770341131236734
variance=0.0809647558368096
variance_white=0.08053917245842251
variance_black=0.07873899529908437
covariance=-0.009977026110251225
correlation=-0.1252860141644191
p_correlation=0.0
variance_pentanomial=0.06966205776850226
variance_ratio=0.8603997757852966
