name='5c0c6fc30ebc5911d7aa4623'
all={(0, 1): 1789, (1, 2): 1890, (0, 0): 371, (2, 1): 2861, (1, 1): 10039, (2, 0): 1267, (2, 2): 374, (1, 0): 2809, (0, 2): 547}
white=[2707, 14738, 4502]
black=[4447, 14689, 2811]
N2=21947
chi2=403.92471997348537
p_chi2=0.0
trinomial=[7154, 29427, 7313]
pentanomial=[371, 4598, 11853, 4751, 374]
ldw=[0.16298355128263545, 0.6704105344694036, 0.166605914247961]
ldw_white=[0.12334259807718595, 0.6715268601631202, 0.2051305417596938]
ldw_black=[0.20262450448808494, 0.6692942087756869, 0.12808128673622818]
ldw_pentanomial=[0.0169043605048526, 0.20950471590650202, 0.5400738141887274, 0.21647605595297761, 0.017041053446940357]
score=0.5018111814826628
score_white=0.540893971841254
score_black=0.4627283911240716
elo=1.2585433025168307
elo_white=28.479658463845936
elo_black=-25.94709793350803
variance=0.082394086004286
variance_white=0.08044596802626663
variance_black=0.0812872749778781
covariance=-0.010652878800467225
correlation=-0.13173572400061
p_correlation=0.0
variance_pentanomial=0.07021374270160519
variance_ratio=0.8521696896783684
