name='5c0c1d9c0ebc5902bceed1df'
all={(0, 1): 973, (1, 2): 945, (0, 0): 218, (2, 1): 1478, (1, 1): 5299, (2, 0): 700, (2, 2): 200, (1, 0): 1500, (0, 2): 262}
white=[1453, 7744, 2378]
black=[2418, 7750, 1407]
N2=11575
chi2=195.24032797028076
p_chi2=0.0
trinomial=[3871, 15494, 3785]
pentanomial=[218, 2473, 6261, 2423, 200]
ldw=[0.16721382289416847, 0.6692872570194385, 0.16349892008639308]
ldw_white=[0.12552915766738662, 0.6690280777537797, 0.2054427645788337]
ldw_black=[0.20889848812095033, 0.6695464362850972, 0.12155507559395248]
ldw_pentanomial=[0.01883369330453564, 0.2136501079913607, 0.5409071274298056, 0.2093304535637149, 0.017278617710583154]
score=0.4981425485961123
score_white=0.5399568034557236
score_black=0.4563282937365011
elo=-1.2906953696159498
elo_white=27.82416209331998
elo_black=-30.423733950632123
variance=0.0826747356194226
variance_white=0.0811464344191557
variance_black=0.08070617300076038
covariance=-0.01000447825944989
correlation=-0.12362501205827331
p_correlation=0.0
variance_pentanomial=0.07092182545050824
variance_ratio=0.8578415754116633
