name='5c0c69950ebc5911d7aa456e'
all={(0, 1): 978, (1, 2): 910, (0, 0): 197, (2, 1): 1394, (1, 1): 4922, (2, 0): 653, (2, 2): 196, (1, 0): 1326, (0, 2): 273}
white=[1448, 7158, 2243]
black=[2176, 7294, 1379]
N2=10849
chi2=212.10846622022703
p_chi2=0.0
trinomial=[3624, 14452, 3622]
pentanomial=[197, 2304, 5848, 2304, 196]
ldw=[0.1670200018434879, 0.6660521707069776, 0.16692782744953452]
ldw_white=[0.13346852244446492, 0.6597843119181491, 0.20674716563738593]
ldw_black=[0.20057148124251084, 0.672320029495806, 0.1271084892616831]
ldw_pentanomial=[0.018158355608811873, 0.21236980366854089, 0.5390358558392478, 0.21236980366854089, 0.018066181214858514]
score=0.49995391280302337
score_white=0.5366393215964604
score_black=0.46326850400958614
elo=-0.03202466462402746
elo_white=25.50532634988663
elo_black=-25.56972234058724
variance=0.08348695519922583
variance_white=0.08371148213341395
variance_black=0.0805707898283547
covariance=-0.010936420899973293
correlation=-0.13316616413236662
p_correlation=0.0
variance_pentanomial=0.07120471508091086
variance_ratio=0.8528843208019058
