name='5c14ae880ebc5902ba11eed8'
all={(0, 1): 0, (1, 2): 0, (0, 0): 2, (2, 1): 2, (1, 1): 6, (2, 0): 1, (2, 2): 0, (1, 0): 2, (0, 2): 2}
white=[4, 8, 3]
black=[5, 8, 2]
N2=15
trinomial=[9, 16, 5]
pentanomial=[2, 2, 9, 2, 0]
ldw=[0.3, 0.5333333333333333, 0.16666666666666666]
ldw_white=[0.26666666666666666, 0.5333333333333333, 0.2]
ldw_black=[0.3333333333333333, 0.5333333333333333, 0.13333333333333333]
ldw_pentanomial=[0.13333333333333333, 0.13333333333333333, 0.6, 0.13333333333333333, 0.0]
score=0.43333333333333335
score_white=0.4666666666666667
score_black=0.4
elo=-46.60222762857483
elo_white=-23.196778791074692
elo_black=-70.43650362227248
variance=0.1122222222222222
variance_white=0.11555555555555558
variance_black=0.10666666666666663
covariance=-0.01999999999999999
correlation=-0.18014417303072294
p_correlation=0.52057650481179252
variance_pentanomial=0.09111111111111109
variance_ratio=0.8118811881188118
